lat,long,time,speed
38.45133,117.8802,16195.975,2.9
38.461040000000004,117.8801,16195.9798611,1.1
38.45606,117.88,16195.9840278,4.2
38.4503,117.881,16195.9868056,4.2
38.447379999999995,117.8813,16195.9888889,3.8
38.43954,117.8816,16195.99375,4.5
38.43456,117.8814,16195.995833300001,4.4
38.43269,117.8813,16195.9979167,4.9
38.42707,117.8809,16196.0,4.5
38.42396,117.8812,16196.009027799999,4.4
38.41769,117.8822,16196.0111111,0.8
