lat,long,time,speed
35.10297,119.7296,16192.727777799999,7.3
35.10606,119.6874,16192.739583300001,7.2
35.10501,119.6725,16192.74375,7.3
35.10418,119.5321,16192.7826389,7.5
