lat,long,time,speed
24.54661,118.5117,16196.884027799999,8.3
24.53741,118.5193,16196.888888899999,8.3
24.531670000000002,118.5241,16196.8909722,8.7
24.527160000000002,118.5283,16196.89375,8.9
24.51653,118.5382,16196.8979167,8.1
24.505679999999998,118.5454,16196.9013889,8.1
24.494229999999998,118.5563,16196.9048611,8.3
24.4862,118.5651,16196.9090278,8.5
24.48422,118.5682,16196.9111111,7.8
24.47318,118.581,16196.9131944,8.1
24.47064,118.5835,16196.915277799999,8.3
24.469929999999998,118.5845,16196.91875,8.3
24.4561,118.5983,16196.9215278,8.3
24.44827,118.6077,16196.923611100001,8.5
24.44428,118.6124,16196.9256944,8.7
24.43635,118.6184,16196.9277778,8.3
24.43158,118.6189,16196.93125,3.5
24.429029999999997,118.6172,16196.933333300001,6.9
24.42527,118.6144,16196.9368056,4.0
24.38989,118.5838,16196.9652778,3.8
24.36091,118.5529,16196.9916667,3.3
24.35651,118.5481,16196.9972222,4.0
24.33822,118.5298,16197.0131944,3.1
24.44316,118.6254,16197.365972200001,2.9
24.44647,118.6289,16197.36875,3.1
24.45477,118.6379,16197.3784722,3.3
24.460720000000002,118.6447,16197.3847222,3.1
24.46562,118.6487,16197.3909722,2.9
24.48609,118.6684,16197.411805599999,3.3
24.49983,118.6836,16197.4277778,3.1
24.50412,118.6877,16197.43125,3.1
24.50542,118.689,16197.4340278,3.1
24.50943,118.6935,16197.4381944,3.1
24.5127,118.6972,16197.4423611,0.0
24.51043,118.6954,16197.4493056,3.3
24.50679,118.6907,16197.4527778,3.1
24.50516,118.6889,16197.454861100001,3.3
24.50258,118.68700000000001,16197.458333300001,3.1
24.49755,118.6869,16197.4618056,3.3
24.49457,118.6858,16197.4638889,3.5
24.48255,118.6697,16197.4784722,3.1
24.46614,118.6528,16197.4951389,3.1
24.461779999999997,118.6483,16197.4993056,2.6
24.45813,118.6445,16197.504166699999,3.1
24.45518,118.6414,16197.5069444,3.3
24.45266,118.6394,16197.5097222,2.9
24.43806,118.6368,16197.5201389,3.3
24.435779999999998,118.6368,16197.5229167,3.3
24.45341,118.67,16197.599305599999,3.6
24.45978,118.6766,16197.6055556,3.6
24.46049,118.6774,16197.6083333,3.5
24.465429999999998,118.6827,16197.6125,3.5
24.46763,118.6848,16197.614583300001,3.6
24.47114,118.6888,16197.6173611,3.5
24.48263,118.6996,16197.6284722,3.8
24.48636,118.7033,16197.6319444,3.3
24.49365,118.7102,16197.6402778,3.6
24.4991,118.7168,16197.64375,3.6
24.50452,118.7199,16197.647222200001,3.8
24.506420000000002,118.7207,16197.6493056,3.8
24.5136,118.7297,16197.65625,3.5
24.51728,118.7341,16197.661805599999,3.6
24.52222,118.7387,16197.665277799999,2.0
24.523670000000003,118.7401,16197.6673611,2.7
24.52309,118.7398,16197.6708333,2.4
24.520020000000002,118.7371,16197.6743056,2.7
24.518179999999997,118.7356,16197.6777778,2.9
24.51647,118.7326,16197.6798611,2.7
24.51624,118.7322,16197.681944400001,2.7
24.513360000000002,118.7295,16197.6847222,2.7
24.51145,118.7275,16197.6868056,2.6
24.506610000000002,118.7233,16197.6909722,3.1
24.50163,118.7204,16197.696527799999,2.4
24.499670000000002,118.7184,16197.6986111,2.6
24.498479999999997,118.7173,16197.7006944,2.9
24.49244,118.7097,16197.7090278,2.7
24.48784,118.7047,16197.714583300001,2.7
24.48374,118.7006,16197.7201389,2.7
24.46421,118.6803,16197.74375,2.7
24.46282,118.6789,16197.745833300001,2.7
24.460639999999998,118.6773,16197.7486111,2.7
24.45938,118.6763,16197.7506944,2.9
24.4506,118.6683,16197.7611111,2.7
24.41759,118.6343,16197.803472200001,3.1
24.40581,118.6221,16197.818055599999,3.1
24.39798,118.6146,16197.8256944,3.1
24.38508,118.6012,16197.839583300001,3.0
24.33698,118.554,16197.8916667,3.3
24.3237,118.5401,16197.9055556,3.1
24.298470000000002,118.5168,16197.9256944,8.1
24.18006,118.4268,16198.068055599999,3.3
24.19604,118.43799999999999,16198.33125,3.6
24.53215,118.5008,16200.0597222,8.5
24.52382,118.50299999999999,16200.0618056,8.5
24.50745,118.5078,16200.066666699999,8.9
24.49685,118.5104,16200.0708333,9.0
24.48601,118.5132,16200.072916699999,8.6
24.47626,118.5154,16200.0770833,8.7
24.465239999999998,118.5167,16200.0805556,8.7
24.43531,118.5182,16200.088194400001,9.0
24.42015,118.5184,16200.0923611,9.1
24.37256,118.5113,16200.1055556,8.9
24.39528,118.6319,16200.7486111,2.9
24.54275,118.5138,16208.7784722,6.5
24.535829999999997,118.5169,16208.78125,6.9
24.53107,118.5202,16208.7833333,6.7
24.52788,118.5248,16208.785416699999,6.7
24.522470000000002,118.5274,16208.7875,6.9
24.51342,118.5309,16208.7909722,6.7
24.50732,118.5361,16208.79375,6.9
24.5049,118.5433,16208.7965278,7.4
24.49936,118.5481,16208.798611100001,7.4
24.49178,118.5609,16208.803472200001,7.2
24.48786,118.5662,16208.8055556,7.6
24.48086,118.5737,16208.808333300001,8.0
24.477339999999998,118.5786,16208.8104167,8.1
24.47185,118.5864,16208.8131944,8.1
24.46625,118.59100000000001,16208.8152778,8.9
24.45962,118.5985,16208.81875,8.1
24.45601,118.6088,16208.821527799999,8.0
24.45249,118.6187,16208.8243056,8.0
24.44518,118.6323,16208.8291667,7.8
24.43064,118.6422,16208.8354167,6.9
24.415329999999997,118.6311,16208.8451389,3.8
24.41217,118.6284,16208.847916699999,4.0
24.54214,118.5162,16212.361111100001,7.4
24.529989999999998,118.5257,16212.365972200001,8.1
24.505020000000002,118.5453,16212.3763889,6.9
24.49034,118.5576,16212.3826389,7.8
24.480539999999998,118.5667,16212.3868056,7.2
24.46422,118.5831,16212.3944444,7.2
24.42928,118.6377,16212.458333300001,3.8
24.41154,118.6293,16212.5277778,4.7
24.39791,118.6152,16212.6715278,4.0
24.392870000000002,118.6299,16213.7159722,4.0
24.43519,118.6718,16213.7583333,4.0
24.47626,118.5975,16216.6236111,8.3
24.46564,118.6193,16216.630555599999,8.1
24.39569,118.6128,16216.6826389,3.7
24.37935,118.616,16217.3881944,4.1
24.439729999999997,118.6761,16217.4375,4.2
24.44751,118.6732,16217.5465278,3.3
24.43979,118.6642,16217.55625,3.1
24.39201,118.6197,16217.6034722,3.8
0.03531833,118.6291,16218.433333300001,4.2
0.06320833,118.52600000000001,16218.61875,9.7
24.5358,118.5229,16219.6854167,6.7
24.51979,118.5329,16219.691666699999,6.7
24.51439,118.5372,16219.6944444,6.9
24.50178,118.5474,16219.6993056,7.6
24.49361,118.5542,16219.7034722,7.2
24.48451,118.5655,16219.7076389,8.1
24.47898,118.5754,16219.7111111,7.8
24.47319,118.5842,16219.7138889,7.6
24.468770000000003,118.59100000000001,16219.7166667,8.5
24.446070000000002,118.6197,16219.7270833,7.8
24.43354,118.6355,16219.7333333,8.3
24.43619,118.6524,16219.744444400001,3.1
24.45138,118.6681,16219.834722200001,3.5
24.4467,118.6633,16219.8388889,3.6
24.57755,118.8055,16221.5201389,2.7
24.57599,118.8024,16221.5229167,2.9
24.574939999999998,118.8,16221.5243056,3.1
24.57364,118.7978,16221.527083300001,2.6
24.572029999999998,118.796,16221.5291667,2.9
24.567429999999998,118.7921,16221.5340278,2.7
24.56561,118.7905,16221.5361111,2.9
24.56352,118.7887,16221.5388889,2.9
24.56127,118.7864,16221.541666699999,2.7
24.55878,118.7838,16221.5444444,2.2
24.55782,118.7827,16221.5472222,1.3
24.55645,118.7792,16221.5541667,2.9
24.55359,118.7767,16221.556944400001,2.9
24.55077,118.7744,16221.5604167,2.6
24.54877,118.7731,16221.5625,2.9
24.54603,118.7712,16221.5652778,2.9
24.543960000000002,118.7691,16221.568055599999,2.9
24.54208,118.7675,16221.5694444,2.6
24.54004,118.7653,16221.5722222,2.9
24.53949,118.7646,16221.5743056,2.9
24.53666,118.7615,16221.576388899999,2.7
24.534860000000002,118.7598,16221.5784722,2.9
24.53225,118.757,16221.58125,2.7
24.52975,118.7546,16221.584722200001,2.4
24.527810000000002,118.7526,16221.5868056,3.1
24.52615,118.7509,16221.589583300001,2.6
24.525029999999997,118.7498,16221.5916667,2.9
24.521520000000002,118.7466,16221.5951389,2.7
24.51975,118.745,16221.5972222,2.7
24.51774,118.743,16221.599305599999,2.9
24.5158,118.7409,16221.6013889,2.9
24.514120000000002,118.73899999999999,16221.604166699999,2.4
24.51266,118.7376,16221.60625,2.7
24.51033,118.7353,16221.6083333,2.7
24.50834,118.7332,16221.611111100001,2.7
24.50572,118.7306,16221.6138889,2.7
24.503829999999997,118.7289,16221.615972200001,2.7
24.50135,118.7267,16221.61875,2.9
24.49933,118.7244,16221.6215278,2.9
24.49723,118.7222,16221.6236111,2.6
24.49401,118.7194,16221.6270833,2.7
24.49245,118.71799999999999,16221.629166699999,2.9
24.490579999999998,118.7161,16221.63125,2.9
24.48836,118.714,16221.6333333,2.9
24.48678,118.7123,16221.635416699999,3.1
24.482879999999998,118.7078,16221.6395833,3.1
24.47663,118.7018,16221.6465278,3.1
24.47457,118.7,16221.6486111,3.5
24.47154,118.697,16221.6513889,3.1
24.46722,118.6679,16221.6722222,6.2
24.47307,118.6505,16221.6791667,6.9
24.47993,118.633,16221.6854167,6.9
24.48284,118.6254,16221.6881944,6.7
24.48593,118.6143,16221.6923611,6.7
24.48757,118.604,16221.6958333,6.0
24.49001,118.5893,16221.7027778,8.7
24.49297,118.5688,16221.7076389,9.4
24.51003,118.5464,16221.7152778,9.2
24.518420000000003,118.5393,16221.7173611,9.4
24.5278,118.5303,16221.7222222,8.9
24.54029,118.5177,16221.7263889,8.9
