lat,long,time,speed
28.04663,-89.84531,16210.1798611,8.8
