lat,long,time,speed
41.34148,-71.4429,16197.65625,9.3
41.35839,-71.4042,16197.6645833,9.3
41.36305,-71.39384,16197.6673611,9.3
41.37784,-71.36092,16197.6743056,9.4
41.40367,-71.29987,16197.6881944,9.4
41.41359,-71.27495,16197.69375,9.4
41.42411,-71.2486,16197.6993056,9.4
