lat,long,time,speed
52.0876,4.096798000000001,16202.6326389,5.3
52.08628,4.088847,16202.635416699999,4.6
52.08506,4.081926999999999,16202.6375,4.5
52.08388,4.075285,16202.6395833,5.3
52.08273,4.068995,16202.6416667,5.2
52.081309999999995,4.060785,16202.64375,4.8
52.08056,4.0563080000000005,16202.6451389,4.3
52.07947,4.049668,16202.647222200001,4.4
52.07863,4.045277,16202.6486111,5.2
52.07715,4.03699,16202.6513889,5.7
52.0715,4.010492,16202.6597222,5.8
52.06946,4.002262,16202.661805599999,5.7
52.068259999999995,3.997527,16202.6631944,5.6
52.06722,3.99345,16202.6645833,6.5
52.06593,3.98829,16202.666666699999,5.5
52.064240000000005,3.981718,16202.66875,4.5
52.062470000000005,3.9778550000000004,16202.6708333,3.0
52.0591,3.9718050000000003,16202.6743056,2.9
52.060520000000004,3.974493,16202.6756944,4.4
52.062909999999995,3.977608,16202.6777778,4.8
52.0666,3.982832,16202.6798611,5.2
52.070159999999994,3.9877949999999998,16202.6826389,5.5
52.07376,3.99272,16202.6847222,5.0
52.07723,3.997152,16202.6868056,4.9
52.08273,4.004659999999999,16202.6902778,4.9
52.09352,4.019798000000001,16202.697916699999,5.0
52.09737,4.02459,16202.7,6.2
52.101259999999996,4.030107,16202.7020833,5.8
52.112190000000005,4.045486,16202.7090278,4.7
52.11549,4.050004,16202.7111111,4.2
52.11745,4.052684999999999,16202.7125,4.8
52.120779999999996,4.057335,16202.7152778,5.0
52.12506,4.063302999999999,16202.7180556,4.9
52.12988,4.070025,16202.7208333,6.0
52.13069,4.078114,16202.724305599999,6.0
52.12897,4.089087,16202.7270833,4.8
52.1273,4.099151999999999,16202.7298611,6.4
52.12587,4.1079300000000005,16202.7319444,6.9
52.12469,4.116403,16202.7340278,6.4
52.12471,4.117503,16203.2236111,6.0
52.12523,4.113032,16203.225,6.0
52.1262,4.104348,16203.2270833,6.5
52.12726,4.0948,16203.2298611,6.1
52.128040000000006,4.086916,16203.2319444,6.2
52.12907,4.077215,16203.2340278,6.3
52.13069,4.071377,16203.236111100001,1.1
52.13094,4.071525,16203.2381944,0.5
52.12942,4.0696449999999995,16203.240972200001,2.1
52.12854,4.068445,16203.2423611,2.3
52.12745,4.067125,16203.244444400001,1.6
52.12655,4.065818,16203.2465278,1.0
52.126090000000005,4.065037,16203.2479167,1.2
52.12518,4.063897,16203.25,1.3
52.12427,4.062298,16203.2527778,1.3
52.12316,4.06084,16203.255555599999,1.3
52.12222,4.059798000000001,16203.2569444,1.0
52.12166,4.059145,16203.259027799999,1.5
52.120670000000004,4.057595,16203.2611111,1.6
52.120059999999995,4.05671,16203.2631944,0.5
52.118990000000004,4.055251999999999,16203.2659722,1.0
52.11789,4.053793,16203.26875,2.5
52.11697,4.052708,16203.270833300001,1.3
52.11577,4.051048000000001,16203.2736111,1.5
52.1146,4.049887,16203.2763889,1.2
52.11375,4.048567,16203.2784722,1.8
52.11307,4.047372,16203.2798611,2.5
52.1118,4.045007,16203.2826389,1.9
52.11027,4.043342,16203.285416699999,1.2
52.10857,4.04102,16203.2881944,2.0
52.10775,4.040005000000001,16203.2895833,2.3
52.10706,4.0388779999999995,16203.2909722,1.2
52.10622,4.0379309999999995,16203.2930556,1.5
52.10471,4.03605,16203.2958333,1.3
52.103840000000005,4.034918,16203.2972222,2.6
52.10347,4.033987000000001,16203.298611100001,0.8
52.103,4.0332300000000005,16203.3,0.4
52.10283,4.032583,16203.3013889,1.7
52.1025,4.031898,16203.303472200001,1.1
52.10094,4.029935,16203.30625,2.0
52.10004,4.0286480000000005,16203.3076389,1.5
52.09929,4.027723,16203.3090278,2.0
52.09843,4.026535,16203.3111111,1.8
52.096920000000004,4.024347,16203.3131944,1.7
52.095729999999996,4.022625,16203.3159722,2.1
52.09435,4.020767,16203.318055599999,2.4
52.09332,4.019483999999999,16203.3194444,1.3
52.09115,4.016578,16203.3236111,1.6
52.08674,4.010326999999999,16203.33125,2.6
52.08521,4.008678,16203.3340278,1.9
52.0843,4.00709,16203.3361111,0.2
52.08289,4.005308,16203.3388889,1.7
52.08229,4.004153,16203.3409722,1.5
52.0811,4.00263,16203.3430556,1.1
52.07913,3.9995769999999995,16203.3465278,2.1
52.07819,3.9983980000000003,16203.347916699999,1.9
52.07743,3.997388,16203.349305599999,1.7
52.07669,3.996093,16203.3506944,1.0
52.07585,3.995103,16203.3520833,1.3
52.07501,3.99425,16203.3534722,0.9
52.07412,3.9931629999999996,16203.3555556,2.3
52.07291,3.991607,16203.3583333,0.9
52.07181,3.990677,16203.3597222,1.9
52.07118,3.9896050000000005,16203.361111100001,1.5
52.06989,3.9878199999999997,16203.3638889,1.2
52.069179999999996,3.986985,16203.3652778,1.6
52.06856,3.985868,16203.3666667,2.2
52.06788,3.9847449999999998,16203.3680556,1.2
52.06697,3.9834620000000003,16203.369444400001,1.4
52.0659,3.9816629999999997,16203.3715278,1.3
52.06453,3.9798720000000003,16203.3743056,2.3
52.06272,3.977465,16203.3784722,1.9
52.05981,3.9735519999999998,16203.384027799999,0.4
52.05857,3.97263,16203.3875,1.5
52.05725,3.971627,16203.3902778,1.8
52.0566,3.971307,16203.3916667,1.1
52.056020000000004,3.9708879999999995,16203.3930556,1.1
52.05505,3.9701720000000003,16203.395833300001,0.8
52.05643,3.9711300000000005,16203.3986111,1.1
52.0575,3.97212,16203.4,1.7
52.057590000000005,3.97229,16203.4013889,1.8
52.05701,3.971767,16203.4027778,1.2
52.056459999999994,3.9712970000000003,16203.4041667,1.1
52.055620000000005,3.9706300000000003,16203.40625,1.3
52.054829999999995,3.970097,16203.4090278,1.1
52.05608,3.9701769999999996,16203.410416699999,2.0
52.056909999999995,3.970045,16203.411805599999,1.5
52.057990000000004,3.9700379999999997,16203.4138889,1.3
52.05895,3.9703769999999996,16203.416666699999,1.3
52.05832,3.9697720000000003,16203.4180556,1.3
52.057179999999995,3.9688480000000004,16203.4208333,1.1
52.05655,3.9683599999999997,16203.4229167,1.0
52.05572,3.967878,16203.425,1.1
52.05643,3.967932,16203.4277778,1.4
52.05809,3.969378,16203.4305556,1.5
52.05963,3.97117,16203.433333300001,1.8
52.063140000000004,3.9754050000000003,16203.4354167,5.7
52.066959999999995,3.9809730000000005,16203.4375,5.9
52.07094,3.9863169999999997,16203.4395833,5.4
52.07532,3.9925050000000004,16203.4423611,5.8
52.07943,3.9979480000000005,16203.4444444,6.6
52.08331,4.00325,16203.446527799999,5.5
52.08748,4.0088550000000005,16203.4486111,6.4
52.090090000000004,4.012555,16203.45,6.1
52.09361,4.017519999999999,16203.4520833,6.6
52.09751,4.022752,16203.4541667,6.4
52.102309999999996,4.029268,16203.45625,6.4
52.10713,4.035965,16203.4590278,6.4
52.111000000000004,4.041455,16203.4611111,6.2
52.11541,4.047473,16203.463194400001,6.1
52.11906,4.052412,16203.4652778,6.1
52.12305,4.057397,16203.4673611,6.1
52.12557,4.060703,16203.46875,6.1
52.12815,4.06425,16203.4701389,5.7
52.13257,4.070372,16203.472916699999,5.6
52.13516,4.082157,16203.4770833,5.5
52.13432,4.089228,16203.4784722,6.0
52.13341,4.095541000000001,16203.4805556,5.4
52.1321,4.105797,16203.4833333,6.1
52.13109,4.114795,16203.4854167,6.9
52.130590000000005,4.121583,16203.4868056,6.5
52.12709,4.121628,16204.2423611,5.8
52.1277,4.116912,16204.24375,5.8
52.128659999999996,4.1092010000000005,16204.245833300001,6.0
52.12952,4.101463,16204.2479167,5.3
52.13025,4.094167,16204.25,5.4
52.13143,4.086556,16204.2520833,5.8
52.13277,4.079703,16204.254166699999,5.3
52.1343,4.073544999999999,16204.2569444,0.8
52.13414,4.073343,16204.2597222,1.1
52.13289,4.071631,16204.2625,0.8
52.13208,4.07052,16204.263888899999,3.3
52.13122,4.06949,16204.2659722,1.7
52.12995,4.067564,16204.26875,2.1
52.128890000000006,4.065919999999999,16204.270833300001,2.5
52.1281,4.064792,16204.272222200001,1.6
52.12715,4.0633550000000005,16204.2743056,2.1
52.12601,4.06219,16204.2763889,0.8
52.12458,4.059985,16204.2791667,2.5
52.12385,4.059228,16204.28125,0.6
52.12325,4.058528,16204.2833333,1.2
52.12271,4.057875,16204.285416699999,0.6
52.12226,4.056947,16204.286805599999,2.2
52.12131,4.055937,16204.2888889,2.3
52.11971,4.054062,16204.2909722,1.4
52.119,4.053113,16204.2923611,1.6
52.11855,4.052698,16204.29375,1.4
52.118109999999994,4.05158,16204.295138899999,1.4
52.11724,4.050643,16204.2965278,1.2
52.11625,4.049648,16204.298611100001,1.7
52.11505,4.048385,16204.3006944,2.7
52.11428,4.047162,16204.3027778,2.1
52.113009999999996,4.045563,16204.3048611,1.8
52.112109999999994,4.044042,16204.306944400001,1.4
52.11117,4.042768,16204.308333300001,2.3
52.10966,4.040538,16204.3111111,2.1
52.10807,4.038412,16204.3138889,2.5
52.10658,4.035933,16204.316666699999,2.3
52.10549,4.0346,16204.318055599999,3.0
52.104690000000005,4.033551999999999,16204.3194444,2.4
52.103790000000004,4.03233,16204.321527799999,2.9
52.10233,4.0301,16204.3243056,2.1
52.10147,4.028853,16204.3256944,2.3
52.10013,4.027075,16204.3277778,2.7
52.09763,4.023285,16204.3326389,1.8
52.096140000000005,4.021503,16204.334722200001,1.4
52.09458,4.01923,16204.3375,2.3
52.093759999999996,4.017752,16204.3388889,3.1
52.09261,4.016738,16204.3402778,2.3
52.09163,4.0154510000000005,16204.3423611,2.8
52.09039,4.0136769999999995,16204.3451389,1.4
52.08912,4.012182,16204.3472222,1.3
52.08895,4.0113650000000005,16204.3486111,2.6
52.08855,4.0105129999999996,16204.35,1.3
52.087309999999995,4.0091,16204.3520833,2.4
52.08589,4.007,16204.3548611,2.9
52.083940000000005,4.004615,16204.357638899999,1.1
52.08317,4.003507,16204.3590278,2.3
52.08198,4.002015,16204.361111100001,2.1
52.0804,3.999578,16204.3638889,1.8
52.07936,3.9984699999999997,16204.3652778,1.8
52.07858,3.99718,16204.3673611,1.0
52.07745,3.995847,16204.369444400001,1.4
52.07589,3.9935949999999996,16204.3722222,1.5
52.07457,3.9916620000000003,16204.3743056,3.0
52.07347,3.9902330000000004,16204.3763889,1.7
52.06472,3.97799,16204.3909722,1.6
52.063520000000004,3.9764129999999995,16204.3930556,1.8
52.06232,3.9746620000000004,16204.3951389,1.9
52.06149,3.973343,16204.3965278,2.1
52.05943,3.970995,16204.4,1.8
52.05927,3.9693419999999997,16204.4034722,2.1
52.06143,3.970108,16204.4055556,2.9
52.06635,3.975737,16204.4090278,4.2
52.070190000000004,3.9802150000000003,16204.411805599999,1.9
52.07093,3.980282,16204.4138889,1.3
52.07185,3.980112,16204.415277799999,1.2
52.07274,3.9799900000000004,16204.4173611,1.8
52.07397,3.979825,16204.4194444,0.6
52.074670000000005,3.979682,16204.4208333,1.2
52.07564,3.9792870000000002,16204.4229167,1.8
52.0769,3.9788349999999997,16204.4256944,1.5
52.07837,3.977723,16204.428472200001,1.9
52.07949,3.976515,16204.4305556,1.2
52.08044,3.9753529999999997,16204.433333300001,0.8
52.07595,3.971443,16204.446527799999,1.3
52.07461,3.970763,16204.4506944,0.5
52.0731,3.9699699999999996,16204.454861100001,1.6
52.07277,3.969753,16204.4569444,0.1
52.071329999999996,3.9691370000000004,16204.4604167,0.8
52.070679999999996,3.968892,16204.4625,0.8
52.06993,3.968522,16204.464583300001,0.3
52.06961,3.9662900000000003,16204.4659722,3.4
52.06946,3.963225,16204.4673611,3.5
52.06884,3.960002,16204.4694444,3.2
52.07241,3.964082,16204.4722222,6.1
52.08065,3.9753,16204.4763889,5.6
52.08375,3.9794769999999997,16204.4784722,6.0
52.0871,3.983947,16204.4805556,6.2
52.10068,4.003205,16204.4875,6.2
52.10375,4.007276999999999,16204.489583300001,5.4
52.11172,4.018394,16204.49375,6.5
52.11612,4.024518,16204.495833300001,6.5
52.11911,4.028567,16204.4979167,6.5
52.121829999999996,4.032348000000001,16204.4993056,5.5
52.12461,4.036169999999999,16204.5006944,5.4
52.1283,4.0410129999999995,16204.5027778,6.6
52.13108,4.0449150000000005,16204.5048611,5.7
52.13514,4.05053,16204.50625,5.6
52.13875,4.055618,16204.5083333,5.4
52.14253,4.06074,16204.510416699999,5.6
52.14655,4.066085,16204.5125,6.1
52.1479,4.071629,16204.5145833,5.8
52.14699,4.076045,16204.5159722,5.8
52.145590000000006,4.081882,16204.5180556,5.7
52.1435,4.090436,16204.5201389,6.0
52.14239,4.095238,16204.5215278,6.3
52.140440000000005,4.104253,16204.5236111,6.2
52.13854,4.112922,16204.5263889,6.0
52.13684,4.121398,16204.5284722,6.5
52.134859999999996,4.130332,16204.5305556,6.9
52.13675,4.129817,16205.2256944,5.3
52.138459999999995,4.121925,16205.2284722,5.2
52.13995,4.11458,16205.2305556,4.9
52.1412,4.1076,16205.232638899999,5.3
52.14249,4.100657,16205.2347222,4.9
52.143359999999994,4.093928,16205.2368056,4.8
52.14403,4.088013,16205.2388889,5.4
52.14457,4.083557,16205.2402778,4.9
52.14535,4.076183,16205.2423611,4.7
52.14671,4.069873,16205.244444400001,3.1
52.14735,4.068047,16205.245833300001,0.3
52.14737,4.067525,16205.2479167,1.1
52.14728,4.067695,16205.25,3.0
52.146609999999995,4.066787000000001,16205.2513889,1.4
52.14586,4.065869999999999,16205.2527778,1.9
52.14525,4.065142,16205.254166699999,1.8
52.14452,4.0641419999999995,16205.2576389,1.5
52.143240000000006,4.0628779999999995,16205.260416699999,1.6
52.14224,4.061183,16205.2631944,1.2
52.14152,4.060366999999999,16205.2645833,1.4
52.139990000000004,4.058455,16205.267361100001,1.5
52.1396,4.057737,16205.26875,1.1
52.13903,4.056965,16205.2701389,0.9
52.138290000000005,4.056062,16205.272222200001,2.7
52.137,4.054253,16205.275,1.5
52.13586,4.05288,16205.2777778,1.6
52.134679999999996,4.051305,16205.2805556,2.4
52.13375,4.049967,16205.2833333,1.1
52.132529999999996,4.048223,16205.2861111,1.4
52.1318,4.047463,16205.2875,1.4
52.13125,4.046546,16205.2888889,2.5
52.13053,4.045522,16205.2909722,2.4
52.12921,4.043823000000001,16205.29375,0.9
52.12808,4.0421879999999994,16205.2965278,1.6
52.126940000000005,4.040709,16205.298611100001,1.9
52.126059999999995,4.0395330000000005,16205.3006944,2.7
52.12494,4.038113,16205.3027778,1.4
52.123509999999996,4.035944000000001,16205.3055556,1.8
52.1222,4.034194,16205.308333300001,1.0
52.12064,4.032088,16205.3111111,0.7
52.12003,4.030812,16205.3131944,1.6
52.11804,4.028332,16205.316666699999,0.7
52.116479999999996,4.02621,16205.3194444,1.5
52.114979999999996,4.024093,16205.3222222,2.2
52.11338,4.0221279999999995,16205.325,1.5
52.11221,4.02045,16205.3277778,2.2
52.11045,4.018044000000001,16205.3305556,0.8
52.10967,4.017085,16205.3319444,0.6
52.10913,4.015948000000001,16205.333333300001,2.3
52.10818,4.014819999999999,16205.334722200001,0.9
52.10755,4.013755000000001,16205.3361111,1.6
52.10678,4.0127,16205.3375,1.8
52.10614,4.011647,16205.3388889,1.8
52.10523,4.010682,16205.3402778,2.9
52.104490000000006,4.0097629999999995,16205.3416667,1.1
52.10383,4.008616,16205.3430556,1.9
52.10289,4.007442,16205.3444444,1.8
52.10222,4.006114,16205.3465278,2.9
52.10071,4.0043050000000004,16205.3486111,1.7
52.098620000000004,4.001451,16205.3520833,1.3
52.09758,4.000062000000001,16205.3534722,1.4
52.09669,3.998818,16205.3548611,2.8
52.0955,3.9971120000000004,16205.357638899999,1.5
52.09337,3.993817,16205.361111100001,1.7
52.09261,3.9926199999999996,16205.3625,1.8
52.09126,3.990618,16205.3652778,1.3
52.09025,3.989207,16205.3666667,2.4
52.08899,3.987358,16205.36875,2.0
52.086659999999995,3.984018,16205.3729167,1.9
52.08505,3.9824620000000004,16205.3756944,2.0
52.08432,3.9810830000000004,16205.3777778,1.8
52.083890000000004,3.980468,16205.380555599999,1.6
52.08328,3.979433,16205.3826389,1.1
52.082840000000004,3.9789,16205.3847222,1.0
52.0826,3.978243,16205.392361100001,1.1
52.082409999999996,3.978118,16205.3951389,1.2
52.08075,3.9759620000000004,16205.3979167,1.6
52.0791,3.9737169999999997,16205.4,2.7
52.07188,3.96368,16205.411805599999,1.9
52.07026,3.9614550000000004,16205.41875,1.6
52.0721,3.963693,16205.4229167,1.5
52.07328,3.9646480000000004,16205.425,1.7
52.075070000000004,3.96653,16205.428472200001,0.7
52.07577,3.967457,16205.4298611,1.3
52.0773,3.9696279999999997,16205.433333300001,1.8
52.07965,3.972837,16205.4375,1.8
52.08058,3.9742480000000002,16205.4388889,2.1
52.08313,3.9766230000000005,16205.443055599999,2.1
52.08453,3.978448,16205.4451389,1.5
52.08559,3.9798699999999996,16205.4472222,1.5
52.08645,3.9811699999999997,16205.4493056,1.2
52.08623,3.981132,16205.4527778,1.3
52.07884,3.971492,16205.472916699999,1.1
52.080729999999996,3.973382,16205.474305599999,5.4
52.08453,3.978885,16205.4770833,6.1
52.093509999999995,3.991143,16205.4819444,5.5
52.10406,4.005585,16205.4881944,5.9
52.108340000000005,4.011623,16205.4902778,5.9
52.112120000000004,4.016822,16205.4923611,6.0
52.117979999999996,4.0247660000000005,16205.495833300001,6.2
52.1229,4.031497,16205.4986111,5.5
52.12697,4.037143,16205.5006944,6.1
52.1298,4.041032,16205.5020833,6.4
52.1335,4.04603,16205.504166699999,5.9
52.1376,4.05175,16205.50625,6.3
52.141529999999996,4.057318,16205.5083333,6.4
52.14611,4.0636980000000005,16205.5111111,6.1
52.15082,4.070176999999999,16205.5131944,6.2
52.1501,4.078562000000001,16205.5159722,6.4
52.1467,4.088702,16205.51875,6.4
52.14427,4.095893,16205.520833300001,6.2
52.14052,4.107387,16205.5236111,6.6
52.13857,4.1134699999999995,16205.525694400001,6.7
52.13575,4.122056,16205.5277778,5.7
52.13349,4.129201999999999,16205.5298611,5.9
52.14029,4.128822,16206.239583300001,4.9
52.14161,4.122732,16206.2416667,4.6
52.14302,4.116263,16206.24375,4.7
52.14437,4.110137,16206.245833300001,4.9
52.14523,4.106085,16206.2472222,4.5
52.14607,4.102087,16206.2486111,4.6
52.14755,4.095455,16206.2513889,4.5
52.14893,4.089137,16206.2534722,4.6
52.15016,4.0831029999999995,16206.255555599999,4.8
52.15133,4.076795,16206.2576389,4.5
52.151540000000004,4.071605,16206.2597222,0.6
52.15135,4.071085,16206.2618056,1.0
52.15044,4.070492,16206.2645833,1.2
52.14968,4.069415,16206.2659722,0.6
52.14883,4.068372,16206.26875,1.7
52.14736,4.066593,16206.2715278,1.1
52.14667,4.065222,16206.2729167,1.6
52.1458,4.064249,16206.2743056,2.3
52.14515,4.063097,16206.275694400001,2.3
52.14433,4.061925,16206.277083300001,2.2
52.14349,4.06055,16206.2784722,2.3
52.14248,4.059483999999999,16206.2805556,1.9
52.141529999999996,4.058415,16206.2819444,2.3
52.13986,4.0557620000000005,16206.285416699999,1.7
52.1384,4.053818,16206.2881944,1.9
52.13655,4.051444999999999,16206.291666699999,2.0
52.13474,4.048491,16206.295138899999,2.2
52.13346,4.047441,16206.2972222,2.0
52.12985,4.041893,16206.3048611,2.2
52.12854,4.040267,16206.3076389,1.0
52.12696,4.038558,16206.3104167,1.9
52.12526,4.0362,16206.3131944,1.7
52.124159999999996,4.034562,16206.3159722,1.9
52.12276,4.032493,16206.31875,0.8
52.12216,4.031594999999999,16206.3201389,0.7
52.12169,4.031645,16206.321527799999,1.3
52.12127,4.030423000000001,16206.3236111,1.6
52.12084,4.02997,16206.3256944,1.2
52.11375,4.020023,16206.338194400001,1.8
52.112359999999995,4.017926999999999,16206.3409722,1.8
52.10971,4.014421,16206.3458333,1.8
52.10686,4.009945,16206.3513889,1.5
52.105540000000005,4.008598,16206.3534722,2.4
52.10467,4.007055,16206.3555556,1.4
52.10328,4.005138,16206.357638899999,2.4
52.101929999999996,4.003132,16206.3597222,1.9
52.0992,3.999332,16206.3652778,1.5
52.097770000000004,3.99769,16206.3673611,1.2
52.0964,3.995687,16206.3701389,1.1
52.09602,3.9952,16206.3722222,1.8
52.09251,3.99041,16206.3777778,2.2
52.090720000000005,3.9878769999999997,16206.380555599999,2.7
52.08963,3.9865720000000002,16206.3826389,1.3
52.08848,3.985225,16206.3847222,3.1
52.086009999999995,3.981583,16206.3902778,1.5
52.08311,3.977592,16206.3944444,2.1
52.08149,3.975307,16206.397222200001,2.0
52.08014,3.9726480000000004,16206.400694400001,1.5
52.078540000000004,3.9715769999999995,16206.4027778,1.5
52.07998,3.9744879999999996,16206.4055556,3.1
52.08193,3.977237,16206.4076389,2.9
52.08421,3.9804769999999996,16206.410416699999,2.8
52.086009999999995,3.982933,16206.4125,3.2
52.087740000000004,3.9854,16206.4138889,2.8
52.08919,3.987515,16206.4159722,3.1
52.09075,3.989707,16206.4173611,3.0
52.09203,3.991472,16206.41875,2.9
52.093379999999996,3.993585,16206.4215278,1.4
52.0947,3.995858,16206.4243056,1.7
52.09539,3.9969120000000005,16206.4256944,1.8
52.09644,3.99755,16206.4277778,1.9
52.089929999999995,3.9887669999999997,16206.433333300001,4.1
52.073840000000004,3.9655129999999996,16206.4451389,4.5
52.06508,3.953272,16206.4520833,4.7
52.05341,3.936307,16206.4604167,4.2
52.0561,3.9377519999999997,16206.4625,4.4
52.05891,3.941037,16206.464583300001,4.5
52.06351,3.9469220000000003,16206.4680556,4.4
52.07247,3.957812,16206.4736111,4.7
52.0785,3.96601,16206.477777799999,4.6
52.08083,3.9690529999999997,16206.4798611,4.5
52.08985,3.980618,16206.4854167,4.8
52.09215,3.9834370000000003,16206.4875,4.8
52.09753,3.990457,16206.490972200001,4.8
52.09596,3.9891300000000003,16206.494444400001,4.4
52.09169,3.983027,16206.4979167,4.1
52.08963,3.980182,16206.4993056,4.1
52.084990000000005,3.9738550000000004,16206.5027778,4.1
52.082770000000004,3.9707830000000004,16206.5048611,4.2
52.08067,3.967888,16206.50625,4.3
52.07785,3.964043,16206.5083333,4.1
52.0765,3.962195,16206.5097222,4.1
52.07413,3.958958,16206.5111111,4.1
52.07127,3.9550419999999997,16206.5131944,4.4
52.06947,3.9524980000000003,16206.5145833,4.3
52.06812,3.950557,16206.5159722,4.4
52.06527,3.946508,16206.5180556,4.2
52.061009999999996,3.9403269999999995,16206.5215278,4.4
52.05755,3.9361550000000003,16206.5243056,5.0
52.05744,3.941643,16206.5263889,5.2
52.05827,3.9477800000000003,16206.5277778,5.1
52.05969,3.957185,16206.5305556,5.6
52.06033,3.9619480000000005,16206.5319444,5.4
52.06106,3.9684470000000003,16206.5340278,5.3
52.0621,3.9751980000000002,16206.5361111,5.4
52.063559999999995,3.9828370000000004,16206.5381944,5.5
52.06483,3.9904550000000003,16206.540277799999,5.4
52.06573,3.99652,16206.5423611,5.8
52.06693,4.003775,16206.5444444,5.6
52.0686,4.013713,16206.5465278,5.8
52.0699,4.020632,16206.548611100001,5.8
52.07118,4.028497,16206.5506944,5.8
52.072359999999996,4.036057,16206.553472200001,5.6
52.07391,4.044522,16206.5555556,5.9
52.07565,4.053943,16206.558333300001,6.1
52.077090000000005,4.061772,16206.5604167,6.2
52.07864,4.071239,16206.5625,6.4
52.07991,4.078892,16206.5645833,6.8
52.08104,4.085593,16206.5659722,6.7
52.098009999999995,4.100025,16207.2875,5.7
52.098009999999995,4.100025,16207.2875,5.7
52.0978,4.091865,16207.2895833,5.7
52.0978,4.091865,16207.2895833,5.7
52.09754,4.083988,16207.291666699999,5.8
52.09754,4.083988,16207.291666699999,5.8
52.09715,4.073930000000001,16207.2944444,5.7
52.09715,4.073930000000001,16207.2944444,5.7
52.09686,4.065124,16207.2965278,6.0
52.09686,4.065124,16207.2965278,6.0
52.096709999999995,4.059319,16207.2979167,5.8
52.096709999999995,4.059319,16207.2979167,5.8
52.09655,4.053623,16207.2993056,6.0
52.09655,4.053623,16207.2993056,6.0
52.09639,4.046755,16207.3013889,5.9
52.09639,4.046755,16207.3013889,5.9
52.09617,4.035925,16207.3041667,6.1
52.09617,4.035925,16207.3041667,6.1
52.09587,4.0245370000000005,16207.306944400001,6.0
52.09587,4.0245370000000005,16207.306944400001,6.0
52.09557,4.011965,16207.3104167,5.9
52.09557,4.011965,16207.3104167,5.9
52.093109999999996,3.9927879999999996,16207.31875,2.1
52.093109999999996,3.9927879999999996,16207.31875,2.1
52.090959999999995,3.9901129999999996,16207.322916699999,1.9
52.090959999999995,3.9901129999999996,16207.322916699999,1.9
52.08856,3.986873,16207.326388899999,2.0
52.08856,3.986873,16207.326388899999,2.0
52.08732,3.9851370000000004,16207.3284722,1.3
52.08732,3.9851370000000004,16207.3284722,1.3
52.08632,3.9834650000000003,16207.3305556,2.0
52.08632,3.9834650000000003,16207.3305556,2.0
52.08526,3.982108,16207.3319444,1.7
52.08526,3.982108,16207.3319444,1.7
52.08455,3.980728,16207.333333300001,2.2
52.08455,3.980728,16207.333333300001,2.2
52.083529999999996,3.9795769999999995,16207.3354167,1.3
52.083529999999996,3.9795769999999995,16207.3354167,1.3
52.081759999999996,3.977057,16207.3388889,1.7
52.081759999999996,3.977057,16207.3388889,1.7
52.08017,3.974728,16207.3416667,1.7
52.08017,3.974728,16207.3416667,1.7
52.07927,3.973672,16207.3430556,1.3
52.07927,3.973672,16207.3430556,1.3
52.07751,3.9711199999999995,16207.3465278,2.0
52.07751,3.9711199999999995,16207.3465278,2.0
52.075759999999995,3.969032,16207.349305599999,1.8
52.075759999999995,3.969032,16207.349305599999,1.8
52.07362,3.965877,16207.3534722,1.5
52.07362,3.965877,16207.3534722,1.5
52.07195,3.9636430000000002,16207.35625,1.4
52.07195,3.9636430000000002,16207.35625,1.4
52.07111,3.9623730000000004,16207.357638899999,1.9
52.07111,3.9623730000000004,16207.357638899999,1.9
52.068709999999996,3.95915,16207.3618056,2.2
52.068709999999996,3.95915,16207.3618056,2.2
52.06755,3.9577400000000003,16207.3638889,1.6
52.06755,3.9577400000000003,16207.3638889,1.6
52.06613,3.955692,16207.3666667,1.8
52.06613,3.955692,16207.3666667,1.8
52.064820000000005,3.95404,16207.36875,1.7
52.064820000000005,3.95404,16207.36875,1.7
52.063390000000005,3.951977,16207.3715278,2.0
52.063390000000005,3.951977,16207.3715278,2.0
52.06162,3.949532,16207.3743056,2.2
52.06162,3.949532,16207.3743056,2.2
52.05979,3.94706,16207.3770833,2.0
52.05979,3.94706,16207.3770833,2.0
52.0584,3.9454800000000003,16207.379166699999,2.4
52.0584,3.9454800000000003,16207.379166699999,2.4
52.05729,3.9441019999999996,16207.38125,2.4
52.05729,3.9441019999999996,16207.38125,2.4
52.05664,3.9430400000000003,16207.3826389,2.3
52.05664,3.9430400000000003,16207.3826389,2.3
52.05575,3.94161,16207.384027799999,1.3
52.05575,3.94161,16207.384027799999,1.3
52.05505,3.9406220000000003,16207.3861111,1.2
52.05505,3.9406220000000003,16207.3861111,1.2
52.053979999999996,3.939943,16207.3881944,2.3
52.053979999999996,3.939943,16207.3881944,2.3
52.05843,3.944143,16207.3909722,5.1
52.05843,3.944143,16207.3909722,5.1
52.0623,3.9487370000000004,16207.3930556,5.1
52.0623,3.9487370000000004,16207.3930556,5.1
52.06581,3.953292,16207.3951389,5.1
52.06581,3.953292,16207.3951389,5.1
52.06913,3.957678,16207.397222200001,5.1
52.06913,3.957678,16207.397222200001,5.1
52.07181,3.961418,16207.3993056,5.0
52.07181,3.961418,16207.3993056,5.0
52.07532,3.965982,16207.4013889,5.1
52.07532,3.965982,16207.4013889,5.1
52.078829999999996,3.9705230000000005,16207.4034722,5.2
52.078829999999996,3.9705230000000005,16207.4034722,5.2
52.08243,3.974933,16207.4055556,5.2
52.08243,3.974933,16207.4055556,5.2
52.08532,3.978355,16207.4076389,5.2
52.08532,3.978355,16207.4076389,5.2
52.08951,3.9828900000000003,16207.4097222,5.1
52.08951,3.9828900000000003,16207.4097222,5.1
52.093720000000005,3.987625,16207.4125,5.3
52.093720000000005,3.987625,16207.4125,5.3
52.09689,3.991057,16207.4145833,1.8
52.09689,3.991057,16207.4145833,1.8
52.09675,3.9907220000000003,16207.4173611,1.0
52.09675,3.9907220000000003,16207.4173611,1.0
52.09538,3.988772,16207.420138899999,2.2
52.09538,3.988772,16207.420138899999,2.2
52.09414,3.987043,16207.4222222,1.8
52.09414,3.987043,16207.4222222,1.8
52.09303,3.985497,16207.423611100001,1.8
52.09303,3.985497,16207.423611100001,1.8
52.09228,3.98449,16207.425,1.7
52.09228,3.98449,16207.425,1.7
52.091359999999995,3.983032,16207.4263889,2.3
52.091359999999995,3.983032,16207.4263889,2.3
52.09021,3.981348,16207.428472200001,2.1
52.09021,3.981348,16207.428472200001,2.1
52.089079999999996,3.97983,16207.4305556,2.2
52.089079999999996,3.97983,16207.4305556,2.2
52.08725,3.977495,16207.433333300001,1.1
52.08725,3.977495,16207.433333300001,1.1
52.08571,3.9751529999999997,16207.4361111,1.9
52.08571,3.9751529999999997,16207.4361111,1.9
52.083870000000005,3.972968,16207.4381944,2.2
52.083870000000005,3.972968,16207.4381944,2.2
52.082640000000005,3.971232,16207.4402778,2.1
52.082640000000005,3.971232,16207.4402778,2.1
52.081759999999996,3.9701269999999997,16207.441666699999,2.3
52.081759999999996,3.9701269999999997,16207.441666699999,2.3
52.08104,3.9689730000000005,16207.443055599999,1.7
52.08104,3.9689730000000005,16207.443055599999,1.7
52.08,3.96768,16207.4451389,1.6
52.08,3.96768,16207.4451389,1.6
52.07849,3.965703,16207.4472222,1.7
52.07849,3.965703,16207.4472222,1.7
52.07665,3.963282,16207.45,2.0
52.07665,3.963282,16207.45,2.0
52.0751,3.9611300000000003,16207.4527778,1.1
52.0751,3.9611300000000003,16207.4527778,1.1
52.07412,3.9597519999999995,16207.454861100001,2.7
52.07412,3.9597519999999995,16207.454861100001,2.7
52.0731,3.958418,16207.45625,2.0
52.0731,3.958418,16207.45625,2.0
52.072379999999995,3.957275,16207.4576389,1.9
52.072379999999995,3.957275,16207.4576389,1.9
52.07155,3.956157,16207.4590278,1.9
52.07155,3.956157,16207.4590278,1.9
52.07071,3.955003,16207.4604167,1.8
52.07071,3.955003,16207.4604167,1.8
52.069829999999996,3.953813,16207.4618056,1.8
52.069829999999996,3.953813,16207.4618056,1.8
52.06807,3.951512,16207.464583300001,2.7
52.06807,3.951512,16207.464583300001,2.7
52.067370000000004,3.950197,16207.4659722,1.9
52.067370000000004,3.950197,16207.4659722,1.9
52.06644,3.948907,16207.4673611,1.7
52.06644,3.948907,16207.4673611,1.7
52.065540000000006,3.947707,16207.46875,2.3
52.065540000000006,3.947707,16207.46875,2.3
52.06463,3.94645,16207.4701389,1.7
52.06463,3.94645,16207.4701389,1.7
52.063190000000006,3.944493,16207.4722222,1.7
52.06207,3.942532,16207.475,2.6
52.06091,3.941067,16207.4763889,2.2
52.05981,3.939258,16207.4784722,1.8
52.058640000000004,3.9376019999999996,16207.4805556,3.1
52.05746,3.936307,16207.4819444,3.0
52.05767,3.9401620000000004,16207.4833333,4.9
52.05816,3.943825,16207.4847222,5.1
52.05899,3.950507,16207.4868056,4.9
52.06006,3.958362,16207.489583300001,5.0
52.06081,3.9647919999999996,16207.490972200001,5.2
52.06139,3.96935,16207.4923611,5.2
52.0619,3.9731669999999997,16207.49375,5.1
52.06265,3.979175,16207.495833300001,5.2
52.063790000000004,3.9875870000000004,16207.4979167,5.0
52.06429,3.9918099999999996,16207.4993056,5.3
52.06505,3.9984620000000004,16207.5013889,5.2
52.06581,4.0061919999999995,16207.5034722,5.3
52.06628,4.01123,16207.505555599999,5.3
52.067859999999996,4.021235,16207.5083333,5.1
52.06919,4.029555,16207.5111111,5.0
52.06998,4.035072,16207.5125,4.9
52.07093,4.040798000000001,16207.5145833,4.9
52.07182,4.046522,16207.5166667,4.9
52.07312,4.053973,16207.51875,4.8
52.07464,4.060887999999999,16207.5215278,4.8
52.07745,4.074072,16207.525694400001,4.7
52.07886,4.080709,16207.5277778,4.9
52.079809999999995,4.0861019999999995,16207.5298611,4.8
52.09794,4.101182,16209.5284722,7.7
52.09721,4.091193,16209.5305556,6.9
52.0968,4.081742,16209.5326389,6.6
52.09672,4.072983,16209.5347222,6.8
52.09689,4.06301,16209.5375,6.4
52.09707,4.053502,16209.5395833,6.7
52.09728,4.044528,16209.541666699999,6.8
52.0975,4.034972,16209.54375,6.7
52.09878,4.026152,16209.5458333,6.3
52.100190000000005,4.017415,16209.5479167,6.4
52.10127,4.0106150000000005,16209.55,6.0
52.10306,4.00018,16209.5527778,6.3
52.101409999999994,3.9968519999999996,16209.5541667,4.4
52.095929999999996,3.989572,16209.558333300001,4.3
52.092,3.984082,16209.5611111,4.3
52.08376,3.9723870000000003,16209.5673611,4.1
52.07105,3.954543,16209.5770833,4.5
52.06757,3.9497949999999995,16209.579861100001,4.4
52.06002,3.9393949999999998,16209.5854167,4.3
52.05952,3.939522,16209.5875,4.2
52.06188,3.9431519999999995,16209.589583300001,4.1
52.06547,3.948685,16209.5923611,4.4
52.06817,3.953155,16209.5944444,4.7
52.07202,3.958893,16209.5972222,4.7
52.07899999999999,3.968982,16209.6020833,4.8
52.08225,3.9733949999999996,16209.604166699999,4.6
52.08556,3.977718,16209.60625,5.0
52.08882,3.9822230000000003,16209.6083333,4.8
52.0919,3.986897,16209.6104167,5.1
52.0949,3.991632,16209.6125,4.8
52.09795,3.99615,16209.614583300001,5.1
52.10009,4.000413,16209.6173611,3.3
52.0975,3.9968269999999997,16209.619444400001,3.8
52.093759999999996,3.991687,16209.6222222,4.0
52.0922,3.989507,16209.6236111,4.2
52.08903,3.9851620000000003,16209.6263889,4.2
52.08589,3.9810879999999997,16209.6284722,4.3
52.08112,3.974743,16209.6319444,4.2
52.06427,3.9523550000000003,16209.6444444,4.8
52.06089,3.9476699999999996,16209.6465278,4.6
52.06171,3.961768,16209.652083300001,5.3
52.06367,3.973385,16209.6555556,5.3
52.065329999999996,3.982457,16209.6583333,5.8
52.066759999999995,3.9904379999999997,16209.660416699999,6.1
52.068540000000006,4.000015,16209.6625,6.3
52.07039,4.009665,16209.665277799999,6.6
52.07216,4.018533000000001,16209.6673611,6.5
52.07417,4.02827,16209.6694444,6.8
52.07653,4.0403519999999995,16209.6722222,7.0
52.07809,4.04985,16209.6743056,6.8
52.07947,4.058676999999999,16209.6763889,6.5
52.08041,4.06465,16209.6777778,7.0
52.08146,4.071418,16209.6791667,7.1
52.08457,4.09221,16209.6840278,7.4
52.08368,4.088953,16210.1923611,5.7
52.08295,4.083562000000001,16210.19375,5.7
52.08231,4.078551999999999,16210.1951389,5.5
52.08099,4.070442,16210.1972222,5.4
52.08041,4.066617,16210.1986111,5.2
52.079609999999995,4.061175,16210.2,5.3
52.07897,4.056442,16210.201388899999,5.2
52.078509999999994,4.052505,16210.2027778,5.2
52.07799,4.047605,16210.204861100001,4.0
52.0772,4.040685,16210.2076389,3.8
52.076240000000006,4.033655,16210.2104167,3.8
52.075309999999995,4.026834,16210.213194400001,3.9
52.0741,4.018692,16210.2159722,3.9
52.07333,4.015237,16210.2173611,4.2
52.0718,4.0077300000000005,16210.2201389,4.1
52.07108,4.004112999999999,16210.2215278,4.1
52.07046,4.000847,16210.222916699999,3.9
52.06982,3.997317,16210.224305599999,4.0
52.06865,3.9906,16210.2270833,4.1
52.06757,3.98483,16210.229166699999,4.3
52.06657,3.979343,16210.23125,4.2
52.0647,3.9683080000000004,16210.2354167,4.0
52.06322,3.960085,16210.2381944,4.2
52.0625,3.9558379999999995,16210.2402778,4.2
52.06132,3.948383,16210.24375,1.4
52.06135,3.948315,16210.245833300001,1.6
52.06177,3.9492830000000003,16210.2472222,1.9
52.06471,3.953557,16210.2520833,1.8
52.07257,3.963782,16210.2645833,2.5
52.07595,3.968442,16210.270833300001,1.8
52.08079,3.974758,16210.2791667,2.6
52.08175,3.976033,16210.2805556,2.4
52.08697,3.9828300000000003,16210.2888889,2.4
52.09333,3.991307,16210.298611100001,2.5
52.09492,3.9936629999999997,16210.3006944,2.4
52.09618,3.9951529999999997,16210.3027778,2.0
52.100359999999995,4.000977,16210.3090278,1.3
52.09669,3.99566,16210.3131944,4.2
52.089940000000006,3.984985,16210.31875,4.7
52.086890000000004,3.9800949999999995,16210.321527799999,4.2
52.08313,3.9745699999999995,16210.3243056,4.3
52.07863,3.9683870000000003,16210.3270833,4.3
52.071909999999995,3.959113,16210.3326389,4.0
52.07882,3.9658830000000003,16210.3763889,2.2
52.079679999999996,3.966872,16210.3777778,2.1
52.08364,3.972232,16210.3847222,1.8
52.08527,3.97451,16210.3875,2.2
52.08871,3.9793730000000003,16210.3930556,1.9
52.08959,3.98063,16210.3951389,2.4
52.091120000000004,3.982783,16210.397222200001,2.0
52.09395,3.98673,16210.402083300001,2.2
52.09486,3.988088,16210.4041667,2.0
52.0964,3.9901169999999997,16210.40625,1.8
52.097770000000004,3.99205,16210.4083333,1.6
52.10098,4.007418,16210.4180556,6.0
52.10116,4.01539,16210.420138899999,6.0
52.101290000000006,4.0247980000000005,16210.4229167,6.6
52.10133,4.041128,16210.4263889,6.6
52.10131,4.045977,16210.4277778,6.3
52.10132,4.055022,16210.4298611,6.5
52.10145,4.060753,16210.43125,6.4
52.101659999999995,4.071897,16210.4340278,6.6
52.101729999999996,4.080647,16210.4361111,6.1
52.10183,4.090312,16210.4381944,6.2
52.10185,4.095113,16210.4395833,6.3
52.10195,4.103786,16210.441666699999,6.4
52.06722,4.080557,16213.45625,4.8
52.06588,4.073717,16213.458333300001,4.9
52.064809999999994,4.067387,16213.4604167,5.0
52.06353,4.06005,16213.4625,4.7
52.06273,4.055777,16213.4638889,4.8
52.06174,4.050477,16213.4659722,5.1
52.06067,4.044522,16213.4680556,4.7
52.05936,4.037075,16213.4701389,4.9
52.05857,4.031635,16213.4722222,4.8
52.05761,4.024475,16213.474305599999,4.7
52.05705,4.020187,16213.4756944,4.7
52.05622,4.013763,16213.477777799999,4.7
52.05551,4.007333,16213.4798611,4.6
52.05464,4.000717,16213.4819444,4.3
52.05397,3.994783,16213.4840278,4.6
52.05336,3.9882980000000003,16213.4868056,4.6
52.05239,3.9807129999999997,16213.4888889,4.0
52.05155,3.973733,16213.4916667,4.4
52.05077,3.96728,16213.49375,4.4
52.04985,3.9605650000000003,16213.495833300001,4.2
52.04925,3.956383,16213.4972222,5.0
52.04864,3.952075,16213.4986111,4.6
52.048,3.9469849999999997,16213.5006944,5.4
52.04919,3.944522,16213.5027778,4.3
52.051790000000004,3.948643,16213.5048611,4.3
52.05485,3.9527099999999997,16213.5069444,4.1
52.057190000000006,3.956152,16213.509027799999,4.1
52.05928,3.958832,16213.510416699999,4.0
52.06075,3.960658,16213.5118056,4.0
52.063179999999996,3.963918,16213.513888899999,3.9
52.06635,3.968208,16213.5166667,3.9
52.06907,3.9719029999999997,16213.51875,4.0
52.07165,3.975278,16213.520833300001,3.8
52.07391,3.9784370000000004,16213.522222200001,4.1
52.076029999999996,3.981498,16213.5243056,4.2
52.07867,3.9852279999999998,16213.5263889,4.2
52.08132,3.989008,16213.5284722,4.1
52.08398,3.992785,16213.5305556,4.3
52.08698,3.9970529999999997,16213.5326389,4.2
52.08705,3.995483,16213.5347222,5.5
52.08363,3.989238,16213.5375,5.7
52.08007,3.9832099999999997,16213.5395833,5.8
52.075509999999994,3.9750050000000003,16213.5423611,6.5
52.0651,3.9580050000000004,16213.5479167,6.6
52.06015,3.950743,16213.5506944,6.2
52.057320000000004,3.9467220000000003,16213.552083300001,6.2
52.053670000000004,3.940903,16213.5541667,3.9
52.05627,3.943172,16213.556944400001,5.0
52.05979,3.9479599999999997,16213.5590278,4.9
52.06292,3.9521879999999996,16213.5611111,4.9
52.066959999999995,3.9574529999999997,16213.5631944,5.7
52.07029,3.9618870000000004,16213.5652778,5.6
52.073159999999994,3.9658830000000003,16213.566666699999,5.7
52.075540000000004,3.969293,16213.568055599999,5.7
52.07759,3.9721949999999997,16213.5694444,5.8
52.0815,3.977758,16213.571527799999,5.9
52.085409999999996,3.9834379999999996,16213.5736111,6.0
52.08747,3.986508,16213.575,6.0
52.09106,3.9919849999999997,16213.5770833,6.2
52.09281,3.9990129999999997,16213.5791667,5.6
52.09297,4.0077169999999995,16213.58125,5.9
52.09305,4.012116000000001,16213.5826389,5.9
52.09318,4.02104,16213.5854167,5.9
52.09321,4.029065,16213.5875,5.7
52.09313,4.0383569999999995,16213.589583300001,5.7
52.09302,4.045691000000001,16213.5916667,6.3
52.09332,4.056366000000001,16213.59375,6.5
52.09391,4.071577,16213.5972222,6.5
52.0942,4.079002,16213.599305599999,6.4
52.094809999999995,4.090549,16213.6020833,6.3
52.09525,4.09923,16213.604166699999,6.4
52.09382,4.101523,16214.21875,7.1
52.09305,4.091907,16214.2208333,7.0
52.09263,4.0864769999999995,16214.2222222,7.4
52.09195,4.076408,16214.224305599999,6.9
52.091390000000004,4.067033,16214.2263889,6.9
52.0908,4.057230000000001,16214.2284722,6.8
52.09012,4.047315,16214.23125,7.1
52.08928,4.036778,16214.2333333,6.9
52.08866,4.027833,16214.2354167,6.5
52.08814,4.018497,16214.2375,6.7
52.087759999999996,4.007813,16214.239583300001,6.9
52.08699,3.9980900000000004,16214.2416667,4.7
52.087309999999995,3.997332,16214.2430556,0.3
52.08745,3.9974220000000003,16214.2451389,2.6
52.086940000000006,3.9972220000000003,16214.2465278,1.0
52.086240000000004,3.99651,16214.2479167,1.7
52.08546,3.995375,16214.2493056,2.5
52.08473,3.9943120000000003,16214.2506944,2.4
52.08396,3.9931449999999997,16214.2520833,2.5
52.08307,3.992082,16214.2534722,2.0
52.08218,3.9907470000000003,16214.2548611,1.1
52.08123,3.9896769999999995,16214.25625,1.9
52.08039,3.9885029999999997,16214.2576389,2.1
52.079570000000004,3.987232,16214.259027799999,2.2
52.0786,3.9858620000000005,16214.2611111,2.2
52.07744,3.9841870000000004,16214.2631944,2.4
52.075509999999994,3.981028,16214.2659722,1.6
52.07387,3.978497,16214.26875,1.2
52.071870000000004,3.976113,16214.2715278,2.6
52.07101,3.975027,16214.2729167,2.5
52.0701,3.973668,16214.2743056,1.6
52.06915,3.972667,16214.275694400001,1.9
52.0683,3.9716650000000002,16214.277083300001,2.7
52.066990000000004,3.969922,16214.2791667,1.8
52.06573,3.968312,16214.28125,2.4
52.06428,3.966245,16214.2833333,2.3
52.06252,3.9639050000000005,16214.286805599999,3.2
52.06066,3.9615949999999995,16214.2895833,2.8
52.05899,3.9592769999999997,16214.291666699999,2.4
52.05825,3.9583470000000003,16214.2930556,2.4
52.05787,3.9573099999999997,16214.2944444,0.2
52.05809,3.957503,16214.2958333,0.7
52.0578,3.9573129999999996,16214.2972222,1.9
52.05707,3.9565050000000004,16214.298611100001,1.5
52.05636,3.9559269999999995,16214.3,1.6
52.05581,3.9550449999999997,16214.3013889,2.5
52.05514,3.954102,16214.3027778,2.0
52.0543,3.953035,16214.3041667,2.0
52.05343,3.951627,16214.30625,2.2
52.05219,3.9497169999999997,16214.3090278,1.9
52.05046,3.946782,16214.3125,2.1
52.04992,3.945057,16214.3152778,1.9
52.05092,3.9457050000000002,16214.3173611,1.8
52.05338,3.942132,16214.3201389,0.9
52.05454,3.9426620000000003,16214.3222222,2.3
52.055479999999996,3.941878,16214.325,0.9
52.055659999999996,3.941307,16214.3277778,0.9
52.055640000000004,3.9413669999999996,16214.3291667,0.3
52.05567,3.9414300000000004,16214.33125,0.5
52.05571,3.941812,16214.3354167,0.8
52.0547,3.94121,16214.338194400001,1.0
52.05552,3.942882,16214.3416667,1.9
52.057759999999995,3.946242,16214.3451389,2.5
52.05865,3.9475519999999995,16214.3472222,1.7
52.06366,3.954868,16214.3569444,1.1
52.064640000000004,3.9558129999999996,16214.3583333,2.0
52.06535,3.957102,16214.3597222,1.5
52.06947,3.962453,16214.3673611,1.2
52.073479999999996,3.9680419999999996,16214.3756944,1.5
52.07451,3.968835,16214.3784722,2.1
52.07541,3.970593,16214.38125,1.3
52.07612,3.971347,16214.3826389,0.9
52.07687,3.972927,16214.3847222,1.2
52.078520000000005,3.975232,16214.3875,2.2
52.07917,3.9760699999999995,16214.388888899999,1.3
52.07998,3.977152,16214.3902778,2.5
52.080490000000005,3.9781199999999997,16214.3916667,1.5
52.08135,3.979925,16214.39375,1.6
52.082159999999995,3.98116,16214.3951389,2.3
52.08279,3.98193,16214.3965278,0.7
52.08351,3.9828069999999998,16214.3979167,1.4
52.08437,3.984657,16214.4,1.7
52.08524,3.985902,16214.402083300001,1.2
52.085809999999995,3.986582,16214.4034722,1.5
52.08648,3.987475,16214.4048611,2.0
52.08712,3.988547,16214.40625,1.9
52.087740000000004,3.989475,16214.4076389,1.4
52.088390000000004,3.9907529999999998,16214.4090278,2.4
52.089059999999996,3.9922470000000003,16214.410416699999,1.7
52.0896,3.993503,16214.4125,1.0
52.09138,3.9952400000000003,16214.415277799999,2.5
52.092259999999996,3.9946980000000005,16214.416666699999,0.8
52.09214,3.993993,16214.4180556,1.3
52.08599,3.99149,16214.4361111,2.1
52.071020000000004,3.974128,16214.4659722,1.3
52.070640000000004,3.973665,16214.4673611,0.9
52.06971,3.972597,16214.4701389,1.3
52.06928,3.972238,16214.4715278,0.9
52.068870000000004,3.971868,16214.4736111,1.1
52.06799,3.9710120000000004,16214.4763889,1.2
52.06714,3.9703370000000002,16214.479166699999,1.4
52.06576,3.969193,16214.482638899999,0.9
52.06493,3.96843,16214.4847222,2.9
52.0625,3.965333,16214.4875,2.2
52.063179999999996,3.967017,16214.489583300001,4.7
52.065529999999995,3.9700370000000005,16214.490972200001,5.1
52.06905,3.97491,16214.4930556,5.1
52.07222,3.9792919999999996,16214.4951389,5.4
52.07397,3.981788,16214.4965278,4.6
52.07663,3.985865,16214.4986111,5.2
52.080290000000005,3.990997,16214.5006944,4.8
52.08347,3.9954730000000005,16214.5027778,4.8
52.08708,4.000135,16214.505555599999,4.8
52.09069,4.00506,16214.5076389,5.0
52.09386,4.009227,16214.5097222,5.1
52.09666,4.0128379999999995,16214.5118056,4.6
52.10001,4.0171790000000005,16214.513888899999,5.0
52.10318,4.021855,16214.5159722,4.8
52.10432,4.0218050000000005,16214.51875,4.4
52.06969,3.972025,16214.54375,4.8
52.06411,3.9625449999999995,16214.548611100001,3.5
52.07205,3.9730830000000004,16214.5555556,3.5
52.07451,3.9764120000000003,16214.5576389,3.7
52.0775,3.980518,16214.5604167,3.9
52.080459999999995,3.984512,16214.5625,3.8
52.08198,3.986448,16214.5638889,4.0
52.08441,3.989763,16214.5659722,3.7
52.08678,3.992808,16214.568055599999,3.8
52.0891,3.9958400000000003,16214.5701389,3.7
52.09179,3.9995629999999998,16214.5722222,3.8
52.09316,4.001626,16214.5736111,4.0
52.09557,4.005202,16214.5756944,3.7
52.097809999999996,4.0084599999999995,16214.5777778,3.8
52.102109999999996,4.014138,16214.58125,3.7
52.10507,4.018096,16214.5840278,5.9
52.10695,4.0376129999999995,16214.588194400001,7.0
52.10781,4.049983999999999,16214.5909722,6.8
52.10819,4.05663,16214.5923611,7.1
52.10863,4.065118,16214.5944444,6.5
52.10909,4.076292,16214.5972222,6.9
52.1091,4.084332,16214.5986111,6.8
52.10908,4.089561,16214.6,6.5
52.10897,4.103261,16214.602777799999,6.9
52.108909999999995,4.108345,16214.604166699999,6.8
52.104929999999996,4.100723,16215.2333333,6.6
52.10485,4.094627,16215.2347222,6.9
52.10464,4.086885,16215.2368056,6.8
52.104459999999996,4.079148,16215.2381944,6.8
52.1043,4.072905,16215.239583300001,7.0
52.10405,4.0666400000000005,16215.240972200001,7.1
52.10373,4.06055,16215.2423611,6.6
52.10327,4.052403,16215.244444400001,6.8
52.10298,4.04526,16215.245833300001,7.1
52.10269,4.0391449999999995,16215.2472222,6.8
52.10253,4.030028,16215.2493056,6.5
52.10393,4.022505000000001,16215.2520833,1.4
52.10373,4.02255,16215.2548611,1.0
52.10246,4.020653,16215.2569444,2.4
52.101729999999996,4.019426999999999,16215.2583333,2.2
52.100609999999996,4.017997,16215.260416699999,1.7
52.0984,4.015098,16215.263888899999,2.0
52.09738,4.013763,16215.2652778,2.3
52.09636,4.012428,16215.267361100001,1.9
52.094570000000004,4.010153,16215.2701389,1.7
52.0936,4.008863,16215.2715278,1.4
52.09237,4.007236,16215.2736111,1.4
52.09081,4.005298000000001,16215.275694400001,2.1
52.09,4.004144999999999,16215.277083300001,1.5
52.08894,4.002903,16215.2791667,2.7
52.08784,4.001291999999999,16215.2805556,3.1
52.08615,3.998943,16215.2833333,2.6
52.085190000000004,3.997835,16215.2847222,1.5
52.08433,3.99666,16215.2861111,2.2
52.08335,3.9953870000000005,16215.2875,1.5
52.08247,3.9942599999999997,16215.2888889,1.8
52.08163,3.992975,16215.290277799999,2.8
52.08055,3.9914449999999997,16215.2923611,2.1
52.078590000000005,3.988582,16215.295138899999,2.4
52.07767,3.98737,16215.2965278,1.6
52.07675,3.9861419999999996,16215.2979167,1.9
52.07601,3.984775,16215.2993056,1.5
52.07508,3.983623,16215.3006944,2.6
52.0743,3.982475,16215.302083300001,2.1
52.07232,3.979707,16215.3055556,2.8
52.07094,3.977732,16215.3076389,1.6
52.06949,3.9756669999999996,16215.3097222,1.9
52.06841,3.9741230000000005,16215.3118056,2.7
52.0645,3.969013,16215.3173611,2.1
52.06343,3.9668699999999997,16215.3222222,0.6
52.06412,3.9644470000000003,16215.325,1.4
52.06478,3.964972,16215.333333300001,0.5
52.06504,3.965078,16215.3361111,0.1
52.06518,3.965857,16215.3375,0.8
52.06517,3.9653680000000002,16215.3388889,1.9
52.0647,3.9637599999999997,16215.3409722,1.9
52.06453,3.9631879999999997,16215.3430556,1.8
52.06465,3.9636720000000003,16215.3444444,0.9
52.06625,3.965408,16215.3472222,2.3
52.067,3.9666019999999995,16215.3486111,2.2
52.0677,3.9671300000000005,16215.35,1.5
52.06815,3.9678449999999996,16215.3513889,1.5
52.06886,3.968818,16215.352777799999,1.8
52.06964,3.969818,16215.354166699999,2.2
52.0704,3.970787,16215.3555556,1.3
52.071090000000005,3.971835,16215.3569444,2.0
52.072590000000005,3.973817,16215.3597222,1.7
52.07335,3.974768,16215.361111100001,1.4
52.07412,3.9758370000000003,16215.3625,2.1
52.07483,3.9769870000000003,16215.3638889,2.2
52.07646,3.9790620000000003,16215.3666667,2.2
52.07719,3.9801269999999995,16215.3680556,2.0
52.07797,3.980947,16215.369444400001,1.1
52.07868,3.9820599999999997,16215.370833300001,2.0
52.0799,3.98371,16215.3729167,2.0
52.08095,3.9848230000000004,16215.375,1.3
52.082229999999996,3.9866629999999996,16215.3777778,1.4
52.08372,3.98855,16215.380555599999,2.1
52.085229999999996,3.99045,16215.3826389,1.6
52.08592,3.991493,16215.384027799999,1.7
52.08697,3.9928730000000003,16215.3861111,2.0
52.08777,3.993918,16215.3875,2.4
52.08889,3.99531,16215.3895833,1.4
52.089529999999996,3.996198,16215.3909722,1.5
52.09066,3.9977970000000003,16215.3930556,1.8
52.091359999999995,3.999023,16215.3944444,1.4
52.092290000000006,4.00016,16215.3965278,1.5
52.09367,4.002453,16215.3993056,1.8
52.09519,4.004632,16215.402083300001,1.7
52.09641,4.006435,16215.4041667,1.6
52.097229999999996,4.007657,16215.40625,1.7
52.09861,4.009533,16215.4083333,1.7
52.09932,4.010879,16215.4097222,2.0
52.10037,4.0120379999999995,16215.411805599999,1.1
52.101009999999995,4.013193,16215.4131944,1.6
52.10266,4.015128,16215.4159722,1.9
52.10348,4.016165,16215.4173611,2.0
52.10423,4.017115,16215.41875,1.8
52.10477,4.017738,16215.420138899999,1.3
52.10543,4.018367,16215.4215278,1.3
52.10658,4.021751999999999,16215.423611100001,5.8
52.106840000000005,4.025898000000001,16215.425,6.3
52.10716,4.0345699999999995,16215.427083300001,6.2
52.10736,4.040344999999999,16215.428472200001,6.5
52.10754,4.046112,16215.4298611,6.4
52.10785,4.0555650000000005,16215.431944400001,6.4
52.108340000000005,4.064337,16215.4340278,6.7
52.10889,4.07369,16215.4368056,6.7
52.10942,4.082743,16215.4388889,6.8
52.10973,4.093482,16215.4409722,6.4
52.11006,4.107241999999999,16215.4444444,6.2
52.21261,4.185682,16217.5159722,6.5
52.2135,4.177787,16217.5180556,6.1
52.21397,4.170030000000001,16217.5201389,5.4
52.21441,4.16234,16217.522222200001,4.8
52.214890000000004,4.15321,16217.525,5.3
52.21541,4.145023,16217.527083300001,6.1
52.216,4.136843,16217.5291667,5.8
52.2166,4.12862,16217.53125,6.0
52.21723,4.1203970000000005,16217.5333333,6.0
52.21797,4.112783,16217.535416699999,5.5
52.21893,4.106372,16217.5381944,4.0
52.21995,4.102098000000001,16217.540277799999,3.4
52.22137,4.100128,16217.5423611,2.1
52.22213,4.100505,16217.54375,1.7
52.22287,4.1008830000000005,16217.545138899999,1.2
52.22358,4.101245,16217.5465278,0.3
52.22249,4.106868,16217.548611100001,5.0
52.22113,4.111853,16217.5506944,4.7
52.221959999999996,4.109692,16217.552083300001,0.5
52.222359999999995,4.11016,16217.553472200001,2.3
52.22153,4.11257,16217.5548611,4.0
52.2204,4.115475,16217.55625,3.6
52.21926,4.118387,16217.5576389,3.9
52.21819,4.121119,16217.5590278,4.1
52.21467,4.124873,16217.5618056,4.6
52.2109,4.127978,16217.5638889,4.4
52.2074,4.1317379999999995,16217.5659722,4.1
52.20597,4.136702,16217.56875,4.4
52.20854,4.139392,16217.5708333,3.6
52.2111,4.142137,16217.572916699999,4.1
52.21386,4.145277,16217.575,3.7
52.21698,4.148859,16217.5770833,4.0
52.22005,4.152339,16217.5791667,4.3
52.22293,4.155657,16217.58125,4.1
52.22609,4.15943,16217.5840278,4.5
52.22931,4.163402,16217.5861111,4.5
52.23193,4.1666,16217.588194400001,4.2
52.23553,4.170855,16217.5902778,4.2
52.23879,4.174827,16217.5930556,4.2
52.24183,4.1784550000000005,16217.5951389,4.6
52.245,4.1822610000000005,16217.5972222,4.5
52.24777,4.185544,16217.5986111,4.4
52.24945,4.187575,16217.6,4.6
52.249520000000004,4.18432,16217.6013889,5.9
52.24623,4.178935,16217.604166699999,4.5
52.24239,4.174462,16217.60625,5.0
52.23819,4.169455999999999,16217.6090278,5.4
52.23475,4.165514,16217.611111100001,5.1
52.231,4.161147,16217.6131944,5.0
52.22726,4.15661,16217.6152778,4.6
52.22358,4.151837,16217.6180556,5.0
52.21955,4.146475,16217.6201389,4.9
52.21604,4.1418800000000005,16217.6222222,4.4
52.21239,4.1378330000000005,16217.625,5.2
52.20864,4.133668,16217.6270833,4.7
52.20867,4.132083000000001,16217.629166699999,4.7
52.21201,4.1356839999999995,16217.6319444,4.3
52.21499,4.138958000000001,16217.634027799999,4.2
52.21823,4.14288,16217.6361111,4.6
52.22126,4.146135,16217.6381944,4.4
52.224509999999995,4.149722,16217.6402778,4.2
52.2274,4.153075,16217.642361100001,4.5
52.23033,4.156503,16217.6444444,4.3
52.23307,4.160082,16217.6465278,4.0
52.23621,4.16394,16217.6493056,4.2
52.239290000000004,4.1677029999999995,16217.6513889,4.7
52.242329999999995,4.1714199999999995,16217.6534722,4.3
52.24493,4.174304,16217.6555556,4.4
52.24839,4.178142,16217.6576389,4.1
52.25097,4.181213,16217.6597222,4.3
52.251459999999994,4.185007,16217.661805599999,4.3
52.24803,4.186683,16217.6638889,4.5
52.24358,4.188537,16217.6659722,5.1
52.23905,4.190518,16217.66875,4.5
52.23483,4.192357,16217.6708333,5.0
52.23062,4.194043,16217.6729167,5.0
52.22555,4.19608,16217.675,6.1
52.227740000000004,4.195673,16218.2402778,6.2
52.23285,4.193763,16218.2423611,6.4
52.237629999999996,4.191968,16218.244444400001,5.9
52.24292,4.18994,16218.2465278,6.4
52.24788,4.1885900000000005,16218.2486111,4.3
52.24913,4.187573,16218.2506944,1.5
52.24881,4.186715,16218.2527778,1.3
52.24755,4.185043,16218.2548611,1.8
52.246559999999995,4.183743,16218.25625,2.2
52.24561,4.182722,16218.2583333,2.4
52.24372,4.180445,16218.2611111,2.2
52.242509999999996,4.179168,16218.2625,2.2
52.24134,4.1777370000000005,16218.2645833,2.6
52.23975,4.17579,16218.267361100001,2.1
52.237829999999995,4.173608,16218.2701389,1.8
52.23639,4.171602,16218.272222200001,2.2
52.2354,4.170667,16218.2736111,1.9
52.233579999999996,4.168617,16218.2763889,1.0
52.23219,4.166769,16218.2784722,3.2
52.23117,4.165667,16218.2798611,2.4
52.23023,4.164555,16218.28125,2.5
52.229279999999996,4.163453,16218.2826389,2.5
52.22827,4.162113,16218.2840278,2.2
52.22726,4.160975,16218.285416699999,2.3
52.22647,4.160148,16218.286805599999,1.8
52.22578,4.159402,16218.2881944,2.3
52.22511,4.158309,16218.2895833,1.4
52.22404,4.157232,16218.2909722,2.4
52.22197,4.154705,16218.2944444,1.9
52.220909999999996,4.153503,16218.2958333,2.7
52.219770000000004,4.152101999999999,16218.2972222,2.3
52.21862,4.150685,16218.2993056,2.3
52.21689,4.149113,16218.3013889,1.1
52.215579999999996,4.147303,16218.303472200001,2.2
52.21367,4.145192,16218.30625,2.3
52.21235,4.143833,16218.308333300001,2.3
52.21137,4.142797,16218.3097222,2.2
52.21058,4.14182,16218.3111111,1.6
52.20965,4.140825,16218.3125,1.0
52.20876,4.139707,16218.3138889,2.2
52.2077,4.138928,16218.3152778,2.6
52.2068,4.138011,16218.316666699999,2.1
52.20619,4.1373,16218.318055599999,1.0
52.20789,4.14014,16218.3208333,4.9
52.21161,4.14384,16218.322916699999,5.4
52.215270000000004,4.147435,16218.325,5.3
52.218959999999996,4.151088,16218.3270833,5.4
52.22286,4.154698000000001,16218.3291667,5.2
52.22675,4.15791,16218.33125,4.9
52.23021,4.160655,16218.333333300001,5.0
52.23426,4.163875,16218.3354167,5.0
52.23775,4.166869999999999,16218.3375,4.6
52.24163,4.17025,16218.339583300001,4.9
52.24499,4.173615,16218.3416667,4.9
52.246829999999996,4.175535,16218.3430556,5.0
52.25014,4.179151999999999,16218.3451389,3.2
52.25143,4.181292,16218.3465278,2.1
52.25173,4.181687999999999,16218.347916699999,0.7
52.251059999999995,4.181348000000001,16218.3513889,1.8
52.248940000000005,4.178854,16218.3548611,1.8
52.24709,4.176764,16218.3569444,2.5
52.24615,4.175396,16218.3583333,2.1
52.24524,4.174625,16218.3597222,2.7
52.24437,4.173648,16218.361111100001,1.9
52.242740000000005,4.171905000000001,16218.3638889,1.7
52.24114,4.169961,16218.3666667,1.6
52.239329999999995,4.1678120000000005,16218.369444400001,2.1
52.23836,4.16657,16218.370833300001,2.4
52.23658,4.164248000000001,16218.3736111,1.9
52.234790000000004,4.162078,16218.3763889,2.2
52.23302,4.1599580000000005,16218.379166699999,2.1
52.23147,4.1581269999999995,16218.3819444,2.6
52.23038,4.156425,16218.3833333,2.1
52.22954,4.1554720000000005,16218.3847222,1.9
52.228590000000004,4.154482,16218.3861111,1.7
52.22688,4.152352,16218.388888899999,2.6
52.22509,4.150373,16218.3916667,2.3
52.22348,4.148282,16218.3944444,1.6
52.22164,4.14647,16218.397222200001,1.5
52.219840000000005,4.144691000000001,16218.4,2.0
52.21818,4.142995,16218.4027778,1.9
52.21667,4.141208,16218.4055556,3.3
52.21492,4.139029,16218.4083333,2.4
52.21304,4.13697,16218.4111111,1.9
52.211240000000004,4.135142,16218.4138889,2.2
52.20949,4.133172,16218.416666699999,1.6
52.208079999999995,4.1315230000000005,16218.4194444,0.7
52.207609999999995,4.131062,16218.4215278,2.9
52.21051,4.132619999999999,16218.423611100001,4.3
52.21414,4.135468,16218.4256944,3.2
52.216159999999995,4.1372029999999995,16218.427083300001,4.7
52.21913,4.141328,16218.4291667,4.9
52.22233,4.145093,16218.43125,4.4
52.22403,4.14698,16218.4326389,4.2
52.22715,4.150398,16218.4347222,4.4
52.23039,4.153614,16218.4368056,4.8
52.23406,4.15705,16218.4388889,4.7
52.2374,4.16024,16218.4409722,4.8
52.24106,4.163337,16218.44375,4.5
52.24412,4.165948,16218.4451389,4.8
52.248000000000005,4.169312000000001,16218.447916699999,4.5
52.2516,4.172512,16218.45,4.6
52.25055,4.170908,16218.4520833,3.7
52.24799,4.167648000000001,16218.4541667,3.8
52.24527,4.164248000000001,16218.45625,4.2
52.2425,4.161035,16218.458333300001,3.7
52.23962,4.15763,16218.4611111,3.8
52.236270000000005,4.153705,16218.463194400001,4.5
52.23337,4.150303,16218.4652778,4.3
52.23174,4.148347,16218.4666667,4.0
52.22868,4.1447650000000005,16218.4694444,3.9
52.226000000000006,4.141595,16218.4715278,3.7
52.223240000000004,4.138478,16218.4736111,3.9
52.22031,4.135083,16218.4756944,3.9
52.21758,4.131905000000001,16218.477777799999,3.9
52.214859999999994,4.128693,16218.4798611,3.8
52.211690000000004,4.1249150000000006,16218.4819444,4.1
52.208709999999996,4.122143,16218.4847222,3.0
52.20709,4.125785,16218.4868056,2.6
52.20988,4.129257,16218.4888889,5.1
52.21352,4.1337470000000005,16218.490972200001,5.6
52.21738,4.138182,16218.4930556,5.8
52.2196,4.140718,16218.494444400001,6.0
52.22351,4.145367,16218.4965278,5.6
52.22766,4.150325,16218.4986111,5.5
52.23205,4.155575,16218.5013889,5.7
52.23601,4.160413,16218.5034722,6.0
52.24031,4.16551,16218.505555599999,6.0
52.24861,4.175056,16218.5097222,2.5
52.24442,4.176259,16218.5118056,7.1
52.23986,4.1784419999999995,16218.513888899999,6.0
52.23492,4.181272,16218.5159722,5.6
52.23023,4.183855,16218.5180556,6.1
52.225570000000005,4.186387,16218.5201389,5.8
52.220929999999996,4.188843,16218.522222200001,6.0
52.21754,4.189573,16219.23125,6.4
52.22085,4.187858,16219.232638899999,7.5
52.22632,4.184943,16219.2347222,6.0
52.23178,4.182028,16219.2368056,7.2
52.237629999999996,4.179103,16219.2388889,6.7
52.24337,4.176232,16219.240972200001,6.8
52.24819,4.174462999999999,16219.2430556,3.9
52.248740000000005,4.1748,16219.244444400001,1.6
52.24781,4.174181,16219.2472222,0.3
52.247170000000004,4.173978,16219.25,2.1
52.24569,4.172165000000001,16219.2527778,1.6
52.24425,4.170743,16219.255555599999,1.5
52.2427,4.168857,16219.2583333,1.8
52.240790000000004,4.166628,16219.2611111,1.7
52.23915,4.1646529999999995,16219.263888899999,1.7
52.23837,4.163607,16219.2652778,2.4
52.237629999999996,4.162838,16219.2666667,1.7
52.23607,4.161042,16219.2694444,2.3
52.235,4.15981,16219.2715278,1.8
52.2343,4.158787,16219.2736111,2.0
52.23316,4.157265,16219.2763889,1.6
52.23166,4.155653,16219.2791667,0.9
52.23036,4.154145,16219.2819444,0.8
52.22913,4.152703,16219.2847222,1.9
52.227909999999994,4.151155,16219.2875,1.0
52.22677,4.149868,16219.290277799999,1.7
52.22526,4.148038,16219.2930556,2.6
52.22392,4.1460870000000005,16219.2958333,1.9
52.2225,4.144737,16219.2979167,1.3
52.22227,4.14414,16219.2993056,2.1
52.22152,4.143485,16219.3006944,1.3
52.22074,4.14264,16219.302083300001,2.3
52.220009999999995,4.141748000000001,16219.303472200001,2.2
52.21918,4.140755,16219.3048611,2.5
52.2184,4.13974,16219.30625,1.4
52.21759,4.138815,16219.3076389,2.0
52.21675,4.1378699999999995,16219.3090278,1.2
52.21609,4.1372279999999995,16219.3104167,1.5
52.21569,4.136583,16219.3118056,1.1
52.214890000000004,4.135713,16219.3131944,2.0
52.214059999999996,4.134765,16219.3145833,1.4
52.2133,4.133907,16219.3159722,2.2
52.211729999999996,4.131851999999999,16219.31875,0.1
52.21031,4.1302,16219.321527799999,1.8
52.20881,4.128332,16219.3243056,1.6
52.20776,4.126407,16219.3270833,1.1
52.20827,4.126425,16219.3291667,3.1
52.21054,4.130313,16219.3319444,3.1
52.21282,4.134193,16219.3340278,4.1
52.21502,4.1376610000000005,16219.3361111,3.8
52.21731,4.141222,16219.338194400001,4.2
52.22002,4.144458,16219.3402778,3.5
52.222970000000004,4.1476440000000006,16219.3423611,5.0
52.22589,4.150755,16219.3444444,4.6
52.22887,4.15362,16219.3465278,4.6
52.23189,4.156258,16219.3486111,4.4
52.23359,4.157723000000001,16219.35,5.3
52.23668,4.160318,16219.3520833,4.4
52.239709999999995,4.162947,16219.354166699999,5.0
52.24289,4.165337,16219.35625,4.6
52.24597,4.167353,16219.3583333,4.2
52.249309999999994,4.169569999999999,16219.3604167,3.9
52.2508,4.170331,16219.3618056,2.9
52.25135,4.171488,16219.3631944,1.1
52.25132,4.1714839999999995,16219.364583300001,2.0
52.25077,4.1711,16219.365972200001,0.7
52.24987,4.17035,16219.3673611,0.9
52.24815,4.168318,16219.3701389,2.0
52.24713,4.166993,16219.3715278,1.7
52.24545,4.164973000000001,16219.3743056,2.5
52.2434,4.162422,16219.3770833,2.2
52.242470000000004,4.161348,16219.3784722,1.9
52.24155,4.160233,16219.3798611,1.3
52.24067,4.159142,16219.38125,1.4
52.239709999999995,4.158097,16219.3826389,1.2
52.23907,4.15721,16219.384027799999,3.1
52.23811,4.156187,16219.385416699999,2.4
52.23713,4.155069999999999,16219.3868056,2.4
52.23617,4.15395,16219.3881944,1.8
52.23434,4.15179,16219.3909722,1.7
52.232490000000006,4.14953,16219.39375,2.3
52.23056,4.14729,16219.3965278,2.3
52.22869,4.145027,16219.3993056,1.9
52.22678,4.1427760000000005,16219.402083300001,1.5
52.22495,4.140528,16219.4048611,2.4
52.223209999999995,4.138607,16219.4076389,2.4
52.22133,4.136387,16219.410416699999,1.3
52.2195,4.134247,16219.4131944,2.9
52.21788,4.132301999999999,16219.415277799999,2.9
52.21689,4.13128,16219.416666699999,2.8
52.21595,4.130182,16219.4180556,2.6
52.215,4.12905,16219.4194444,1.7
52.21397,4.127758999999999,16219.4208333,1.7
52.21228,4.125813,16219.4229167,1.7
52.21131,4.124708,16219.4243056,2.5
52.21029,4.1231480000000005,16219.4256944,2.8
52.20967,4.122292,16219.427083300001,0.6
52.20922,4.121045,16219.428472200001,1.5
52.20863,4.120133,16219.4298611,2.6
52.20772,4.12151,16219.43125,3.3
52.20547,4.124378,16219.433333300001,4.2
52.20306,4.12907,16219.4354167,4.1
52.20082,4.133608000000001,16219.4375,4.2
52.1985,4.138675,16219.4402778,4.2
52.196290000000005,4.143738,16219.4423611,4.3
52.19258,4.148843,16219.4444444,4.7
52.1907,4.151166,16219.4458333,4.7
52.18742,4.155425,16219.447916699999,5.3
52.18396,4.160055000000001,16219.45,5.1
