lat,long,time,speed
38.87395,117.8977,16191.017361100001,4.8
21.702479999999998,113.0405,16191.027083300001,8.5
38.84715,117.8632,16191.040277799999,4.2
21.75779,112.9626,16191.0548611,8.0
38.842929999999996,117.8171,16191.0618056,4.1
38.84285,117.8019,16191.0694444,3.9
21.557129999999997,111.7946,16191.298611100001,5.1
38.85552,117.7452,16191.3979167,0.2
38.85432,117.7455,16191.4138889,1.4
21.72094,113.0183,16191.4486111,3.1
38.85395,117.7353,16191.4916667,2.0
38.85352,117.7358,16191.5916667,0.2
31.39547,121.5741,16191.8236111,6.5
26.38399,119.9258,16191.8736111,0.8
26.384240000000002,119.9258,16191.8756944,0.6
26.38471,119.9245,16191.8777778,6.0
26.38658,119.9203,16191.8798611,7.4
26.389440000000004,119.9146,16191.8819444,8.1
26.3931,119.9087,16191.884027799999,8.1
26.397309999999997,119.9019,16191.8861111,8.5
26.39842,119.9007,16191.8881944,8.5
26.40799,119.8885,16191.8902778,8.7
26.41058,119.882,16191.892361100001,9.4
26.4169,119.8685,16191.895833300001,8.9
26.48718,119.822,16191.9194444,8.3
26.47689,119.8295,16191.925,8.3
34.480540000000005,119.7943,16192.2111111,10.5
34.49192,119.803,16192.214583300001,10.5
34.50521,119.81299999999999,16192.2173611,10.5
34.50776,119.8148,16192.2194444,10.8
34.521640000000005,119.8242,16192.2215278,11.4
34.5363,119.8358,16192.2256944,11.4
34.54319,119.8405,16192.227777799999,11.0
34.54875,119.8434,16192.2298611,10.5
34.5637,119.8445,16192.232638899999,9.2
34.5918,119.8335,16192.240972200001,8.7
34.599000000000004,119.8319,16192.24375,8.9
34.614979999999996,119.8296,16192.2472222,8.9
34.6262,119.8279,16192.2506944,8.9
34.643359999999994,119.8246,16192.255555599999,8.9
34.65079,119.8235,16192.2583333,8.9
34.68322,119.8187,16192.267361100001,9.0
34.77265,119.809,16192.2923611,8.1
34.79684,119.8039,16192.2993056,8.3
34.8039,119.8031,16192.3013889,8.3
34.8132,119.8024,16192.3041667,8.1
34.8201,119.8021,16192.30625,8.3
34.84037,119.8012,16192.3125,8.5
26.513270000000002,119.8279,16192.3243056,10.5
26.51091,119.8415,16192.3277778,10.8
26.508390000000002,119.8509,16192.329861100001,10.5
26.50491,119.8642,16192.3326389,10.1
26.503120000000003,119.8708,16192.334722200001,10.1
26.49897,119.8864,16192.338194400001,10.1
26.496470000000002,119.8959,16192.3409722,9.4
26.49873,119.9075,16192.3430556,9.4
26.50068,119.9165,16192.3451389,9.2
26.508329999999997,119.9423,16192.3520833,9.2
26.51268,119.9518,16192.354166699999,9.4
26.516709999999996,119.9594,16192.3569444,9.6
26.520229999999998,119.9672,16192.3590278,9.6
26.5228,119.9758,16192.361111100001,9.9
26.52539,119.9846,16192.3631944,9.9
26.52897,119.9942,16192.3652778,10.1
26.53197,120.00200000000001,16192.3673611,10.3
26.53677,120.0108,16192.369444400001,9.8
26.541079999999997,120.0186,16192.3715278,9.8
26.55113,120.0356,16192.3763889,9.9
26.5593,120.0493,16192.3798611,9.9
26.56972,120.0664,16192.384027799999,10.1
26.57755,120.0797,16192.3895833,10.3
26.596190000000004,120.1057,16192.395833300001,10.5
26.60825,120.1172,16192.3993056,9.6
26.61378,120.1221,16192.4013889,9.6
26.62078,120.1284,16192.4034722,9.9
21.72825,112.9306,16192.4145833,4.0
26.70454,120.2062,16192.4298611,10.3
26.71257,120.2134,16192.431944400001,9.9
26.71961,120.22,16192.4340278,9.8
26.72734,120.2273,16192.4368056,10.1
26.731479999999998,120.2313,16192.4388889,9.6
26.73837,120.2377,16192.4409722,9.6
26.742620000000002,120.2414,16192.443055599999,9.8
26.750140000000002,120.2484,16192.4451389,9.4
26.7586,120.2564,16192.4472222,9.2
26.76448,120.262,16192.45,9.2
26.77089,120.2683,16192.4527778,9.2
26.776770000000003,120.2738,16192.4541667,9.0
26.782709999999998,120.279,16192.45625,9.0
26.791120000000003,120.2867,16192.4590278,8.7
26.793570000000003,120.2891,16192.4611111,9.0
26.801990000000004,120.2965,16192.463194400001,9.0
26.81008,120.3041,16192.4659722,8.9
26.82477,120.3181,16192.472916699999,8.7
26.83135,120.3245,16192.475,8.5
26.83735,120.3304,16192.4770833,8.5
26.842840000000002,120.3354,16192.479166699999,8.5
26.85003,120.3422,16192.48125,8.7
26.854670000000002,120.34700000000001,16192.4840278,8.3
26.86008,120.3521,16192.486111100001,8.1
26.870179999999998,120.3615,16192.4888889,8.5
26.879170000000002,120.3693,16192.49375,8.1
26.88835,120.3783,16192.495833300001,8.3
26.8951,120.3841,16192.4986111,8.3
26.89947,120.3879,16192.5006944,8.1
26.907459999999997,120.395,16192.5034722,8.1
26.912440000000004,120.3992,16192.50625,8.1
26.92929,120.4132,16192.5125,8.7
26.989409999999996,120.4466,16192.53125,8.9
27.69835,121.1886,16192.8173611,8.6
27.70624,121.1988,16192.8201389,8.6
27.71337,121.2079,16192.8236111,8.8
27.72125,121.21799999999999,16192.8270833,8.9
27.73012,121.2287,16192.83125,9.1
27.73945,121.2384,16192.8340278,8.8
27.743879999999997,121.2424,16192.8361111,8.7
27.749809999999997,121.2493,16192.838194400001,8.9
27.75985,121.2632,16192.8430556,8.7
27.787979999999997,121.2934,16192.8548611,8.6
38.85528,117.7361,16192.9833333,0.0
38.85535,117.736,16192.9979167,0.0
38.85542,117.7359,16193.01875,0.1
38.85537,117.736,16193.0333333,0.0
38.85542,117.736,16193.0479167,0.0
38.8555,117.7358,16193.0625,0.1
38.85548,117.7359,16193.075,0.1
38.85545,117.7359,16193.089583300001,0.2
30.71776,122.234,16193.1013889,5.1
30.725309999999997,122.2324,16193.1048611,4.7
38.85545,117.7359,16193.1104167,0.1
38.85548,117.7359,16193.125,0.1
38.85553,117.7358,16193.152083300001,0.1
38.85545,117.7359,16193.166666699999,0.0
38.85545,117.7359,16193.18125,0.1
38.855579999999996,117.7358,16193.1958333,0.0
38.85562,117.7357,16193.2104167,0.1
38.85553,117.7357,16193.2263889,0.1
38.8556,117.7356,16193.24375,0.2
38.85562,117.7355,16193.2583333,0.1
38.8556,117.7356,16193.2729167,0.0
38.855579999999996,117.7357,16193.2875,0.1
38.855579999999996,117.7357,16193.30625,0.1
38.855579999999996,117.7356,16193.3208333,0.1
38.85557,117.7357,16193.338194400001,0.1
38.8555,117.7357,16193.352777799999,0.1
38.85543,117.7359,16193.369444400001,0.0
38.85538,117.7359,16193.3847222,0.1
38.85528,117.7361,16193.400694400001,0.1
38.8553,117.7361,16193.4173611,0.0
35.285140000000006,119.5253,16193.4291667,3.9
38.8551,117.7364,16193.4590278,0.6
35.24981,119.5863,16193.4673611,4.6
38.85483,117.7366,16193.4722222,0.0
38.85525,117.7363,16193.4868056,0.4
29.37208,122.4371,16193.5,8.1
29.381690000000003,122.4419,16193.5027778,8.1
35.19079,119.6447,16193.5069444,5.0
29.408609999999996,122.4543,16193.5111111,8.1
35.161359999999995,119.6726,16193.525,5.2
35.13629,119.6892,16193.5388889,5.2
38.85412,117.7364,16193.5652778,0.2
29.58476,122.5427,16193.5694444,8.3
29.59497,122.5475,16193.572916699999,8.7
29.6106,122.5562,16193.5770833,8.5
29.619259999999997,122.5612,16193.5805556,8.7
29.63441,122.5687,16193.5854167,9.0
29.641309999999997,122.5719,16193.5875,9.0
29.705040000000004,122.6023,16193.607638899999,8.9
38.85403,117.7363,16193.6125,0.1
38.85405,117.7363,16193.634027799999,0.1
34.88301,119.7969,16193.6722222,4.9
34.87652,119.7992,16193.675,4.7
34.87252,119.8005,16193.6777778,4.7
34.85698,119.8054,16193.6854167,4.7
31.334529999999997,121.6961,16193.6888889,7.5
38.85406,117.7364,16193.693055599999,0.0
34.83351,119.8107,16193.6993056,4.4
34.822720000000004,119.8119,16193.7034722,4.5
31.38387,121.5956,16193.7104167,6.5
31.37074,121.6223,16193.7125,8.0
31.376079999999998,121.6108,16193.7166667,7.9
31.389840000000003,121.5606,16193.722916699999,6.9
31.39156,121.5515,16193.725,7.3
31.38715,121.5711,16193.727777799999,7.8
34.76252,119.8225,16193.736111100001,4.5
31.386329999999997,121.5043,16193.7402778,6.7
31.37772,121.4995,16193.74375,6.9
31.37006,121.4979,16193.7472222,6.8
38.85422,117.7365,16193.7527778,0.0
31.3577,121.5038,16193.7576389,8.0
38.85418,117.7365,16193.7631944,0.0
31.34282,121.5382,16193.76875,7.1
31.339109999999998,121.5476,16193.7715278,7.4
38.8541,117.7364,16193.775694400001,0.1
31.303179999999998,121.5583,16193.7840278,6.3
38.85412,117.7364,16193.7923611,0.1
31.25617,121.5409,16193.8076389,5.2
38.85412,117.7364,16193.8118056,0.0
38.85415,117.7364,16193.8361111,0.0
34.58331,119.8502,16193.8430556,4.7
34.577040000000004,119.8485,16193.8472222,4.7
34.57147,119.8475,16193.85,4.2
34.566159999999996,119.8467,16193.852777799999,4.0
34.55871,119.845,16193.857638899999,4.2
34.55346,119.8436,16193.8597222,4.0
34.549040000000005,119.8428,16193.8625,3.8
34.543929999999996,119.8415,16193.865972200001,4.2
34.53976,119.8385,16193.86875,4.4
34.535579999999996,119.8351,16193.8715278,4.5
34.531240000000004,119.83200000000001,16193.875,4.2
34.52828,119.8296,16193.8777778,4.2
34.516090000000005,119.82,16193.884027799999,4.4
34.513529999999996,119.818,16193.8868056,4.4
34.509170000000005,119.8148,16193.888888899999,4.5
34.503479999999996,119.8109,16193.8930556,4.5
34.50177,119.8097,16193.8951389,4.5
34.49519,119.8049,16193.897222200001,4.5
34.4915,119.8016,16193.8993056,4.5
34.4869,119.7975,16193.9034722,4.5
34.484840000000005,119.7959,16193.9048611,4.2
34.48089,119.79299999999999,16193.9076389,4.0
34.47788,119.7908,16193.910416699999,4.0
38.85422,117.7365,16193.9673611,0.1
38.85415,117.7365,16193.982638899999,0.1
38.85413,117.7365,16193.9965278,0.2
38.85415,117.7365,16194.0215278,0.0
31.30823,121.5566,16194.2930556,6.0
31.322329999999997,121.5593,16194.2979167,6.8
31.33165,121.557,16194.3013889,5.7
21.78155,113.0509,16194.3138889,5.9
31.3575,121.509,16194.321527799999,2.2
31.359,121.5069,16194.354166699999,5.9
31.36675,121.4997,16194.3583333,6.4
31.3756,121.4999,16194.3625,6.4
31.37908,121.5013,16194.3638889,6.4
31.387059999999998,121.5072,16194.3673611,6.4
31.39319,121.5237,16194.3729167,6.6
31.39048,121.5431,16194.379166699999,6.9
31.37971,121.5795,16194.3916667,7.3
31.37707,121.5867,16194.39375,6.7
31.374029999999998,121.5936,16194.3965278,6.9
31.368509999999997,121.6059,16194.400694400001,7.1
31.3623,121.6184,16194.4048611,7.0
31.35555,121.6303,16194.4090278,7.1
31.352529999999998,121.6364,16194.4111111,7.1
31.344540000000002,121.6535,16194.416666699999,7.4
31.34011,121.662,16194.4194444,7.2
31.30022,121.7171,16194.4388889,8.7
31.245959999999997,121.7725,16194.4590278,8.9
21.7152,113.1564,16194.4673611,2.9
21.715510000000002,113.1537,16194.4701389,2.9
21.7166,113.1474,16194.4756944,2.7
31.30058,121.5595,16194.588194400001,7.0
31.343290000000003,121.5357,16194.607638899999,7.2
31.3485,121.5203,16194.6131944,7.3
31.3526,121.5122,16194.615972200001,6.9
31.35809,121.5036,16194.61875,6.5
31.373790000000003,121.4985,16194.6263889,5.2
31.39149,121.51299999999999,16194.6375,4.9
31.3948,121.5258,16194.6409722,6.6
31.44085,121.4842,16194.6763889,5.3
31.445999999999998,121.47200000000001,16194.68125,5.4
31.45529,121.4506,16194.6909722,5.6
31.490609999999997,121.3994,16194.7138889,6.6
21.75883,113.0128,16195.053472200001,5.6
34.47906,119.7907,16195.0708333,6.7
34.4867,119.7974,16195.0736111,6.9
34.49512,119.8048,16195.0770833,6.5
34.50059,119.8096,16195.079861100001,6.9
34.50473,119.8131,16195.0819444,7.2
34.5121,119.8176,16195.084722200001,7.8
34.51582,119.8206,16195.0868056,8.0
34.52429,119.8277,16195.089583300001,8.1
34.54045,119.8385,16195.0944444,8.5
34.54632,119.8434,16195.097916699999,8.3
34.55794,119.8431,16195.1006944,7.1
34.563790000000004,119.8412,16195.1034722,6.9
34.57442,119.8385,16195.10625,6.9
34.58631,119.836,16195.1118056,7.1
34.600570000000005,119.8371,16195.1347222,8.3
34.59385,119.8395,16195.1381944,8.3
34.57666,119.8433,16195.142361100001,8.1
34.56667,119.8452,16195.1451389,7.8
32.356190000000005,121.59,16195.1493056,0.0
34.54018,119.8377,16195.1541667,7.2
34.531290000000006,119.8315,16195.1569444,7.4
34.52621,119.8272,16195.1597222,7.4
34.520759999999996,119.8228,16195.161805599999,7.6
34.50463,119.8107,16195.1673611,7.4
34.49905,119.8072,16195.1694444,7.4
34.49185,119.8016,16195.173611100001,7.4
34.48299,119.7942,16195.1763889,7.6
38.85437,117.7363,16195.2506944,0.1
38.8547,117.7348,16195.2576389,1.1
38.852090000000004,117.7368,16195.2611111,3.1
38.8504,117.7445,16195.2659722,2.2
38.850970000000004,117.7457,16195.270833300001,0.1
38.84998,117.7416,16195.357638899999,0.1
38.84955,117.74600000000001,16195.3631944,2.7
38.8524,117.7469,16195.3666667,1.6
32.35631,121.5912,16195.3895833,0.2
32.35608,121.5905,16195.3965278,0.6
32.35678,121.59100000000001,16195.415277799999,0.0
36.4616,122.7705,16195.5840278,7.8
38.85548,117.7455,16195.588194400001,0.1
36.49003,122.7693,16195.5916667,8.1
38.85542,117.7456,16195.597916699999,0.0
38.85221,117.7472,16195.614583300001,4.6
36.58535,122.766,16195.6201389,8.3
36.59002,122.766,16195.6222222,8.7
38.87623,117.7574,16195.6263889,5.7
38.88042,117.7531,16195.6298611,3.4
38.8827,117.7519,16195.6326389,2.8
38.8857,117.7516,16195.635416699999,2.2
36.64522,122.7632,16195.638888899999,8.1
36.65177,122.7624,16195.6416667,8.1
36.66046,122.7591,16195.6444444,8.3
36.6727,122.75200000000001,16195.647222200001,7.6
36.67767,122.7497,16195.6493056,8.3
36.68825,122.7509,16195.652083300001,8.5
36.691759999999995,122.751,16195.6548611,8.5
36.698440000000005,122.7518,16195.6569444,8.5
36.712990000000005,122.7535,16195.6597222,8.3
36.71653,122.7534,16195.661805599999,8.1
36.72934,122.7532,16195.6638889,8.3
36.73128,122.7532,16195.6659722,8.5
36.74452,122.7529,16195.66875,8.3
36.746829999999996,122.7528,16195.6708333,8.1
36.756190000000004,122.7529,16195.6729167,8.5
36.765609999999995,122.7537,16195.675,8.5
36.77271,122.75399999999999,16195.677083300001,8.3
36.778059999999996,122.75399999999999,16195.6791667,8.1
36.78115,122.75399999999999,16195.68125,8.1
36.793079999999996,122.7532,16195.6840278,8.1
36.79916,122.7526,16195.6861111,8.3
36.80803,122.7521,16195.6881944,8.5
36.81303,122.7519,16195.6902778,8.3
36.818870000000004,122.7517,16195.6923611,8.5
36.8282,122.7516,16195.6951389,8.3
36.8382,122.751,16195.6972222,8.5
36.84323,122.7512,16195.6993056,8.3
36.849090000000004,122.7511,16195.701388899999,8.3
36.85987,122.7514,16195.7041667,8.3
36.86446,122.751,16195.70625,8.3
36.878609999999995,122.7502,16195.7090278,8.1
36.88446,122.7503,16195.7111111,8.1
36.88981,122.7502,16195.713194400001,8.3
36.8978,122.7501,16195.7152778,8.3
36.905809999999995,122.7499,16195.7173611,8.3
36.91233,122.7498,16195.7194444,8.3
36.9169,122.7499,16195.722916699999,8.1
36.92945,122.7504,16195.725,8.1
36.93752,122.7504,16195.7270833,8.3
36.94287,122.7504,16195.729166699999,8.3
36.952,122.7505,16195.73125,8.1
36.95905,122.7511,16195.7333333,8.1
36.96617,122.7507,16195.736111100001,8.1
36.97781,122.7499,16195.739583300001,8.0
36.98382,122.7495,16195.7423611,8.0
36.99481,122.7485,16195.744444400001,8.0
37.000659999999996,122.7479,16195.7465278,7.8
37.01001,122.744,16195.7493056,8.1
37.01661,122.7433,16195.7513889,8.0
37.02322,122.7428,16195.7534722,8.0
37.02516,122.7428,16195.755555599999,8.0
37.03393,122.7434,16195.7576389,7.8
37.04051,122.7432,16195.760416699999,7.6
37.04779,122.7433,16195.7625,7.8
37.048120000000004,122.7433,16195.7645833,7.8
37.06674,122.7446,16195.767361100001,7.6
37.070640000000004,122.7444,16195.7694444,7.6
37.07693,122.7441,16195.772222200001,7.4
37.08627,122.744,16195.7743056,7.6
37.09836,122.7441,16195.7777778,7.4
37.10856,122.7442,16195.78125,7.4
37.10965,122.7443,16195.7833333,7.4
37.11985,122.7443,16195.785416699999,7.4
37.1216,122.7444,16195.7881944,7.2
37.13375,122.7436,16195.7909722,7.2
37.144040000000004,122.7426,16195.7930556,7.1
37.150999999999996,122.742,16195.7958333,6.9
37.16382,122.7416,16195.8,7.1
38.886379999999996,117.7536,16195.8048611,0.0
31.36188,121.5006,16195.8104167,7.5
38.88643,117.7536,16195.8152778,0.2
31.34413,121.53399999999999,16195.821527799999,7.2
31.34085,121.5446,16195.825,7.5
38.88642,117.7535,16195.829861100001,0.1
38.88645,117.7535,16195.8444444,0.2
31.27615,121.5639,16195.8486111,7.6
38.8865,117.7535,16195.8548611,0.1
31.25045,121.53,16195.8618056,7.3
21.77122,113.0208,16195.869444400001,0.4
21.77122,113.0208,16195.9069444,0.1
21.77121,113.0208,16195.9222222,0.2
32.35844,121.6044,16196.0430556,1.7
34.48155,119.7928,16196.1180556,6.9
34.48726,119.7979,16196.1201389,7.4
34.49692,119.8072,16196.1243056,7.6
34.51034,119.8164,16196.129166699999,7.6
34.51983,119.8239,16196.1326389,8.3
34.52924,119.8307,16196.135416699999,8.7
34.53761,119.8367,16196.1381944,8.5
34.54433,119.84,16196.1402778,8.9
34.551159999999996,119.844,16196.142361100001,8.5
34.56087,119.8461,16196.145833300001,7.4
34.56794,119.8433,16196.1486111,7.6
34.57725,119.8403,16196.1513889,7.6
34.5973,119.8377,16196.1576389,7.6
34.602579999999996,119.8369,16196.1597222,7.6
34.62812,119.8335,16196.1680556,7.6
34.65798,119.8299,16196.1777778,7.6
38.886070000000004,117.7531,16196.1868056,0.1
38.88432,117.7534,16196.1902778,2.9
38.88485,117.7472,16196.193055599999,6.2
38.88474,117.7421,16196.1951389,5.4
38.88578,117.7339,16196.1972222,5.9
38.887029999999996,117.728,16196.2,3.5
38.8878,117.7246,16196.2020833,3.1
38.88825,117.7224,16196.2041667,2.9
34.764340000000004,119.8167,16196.2125,7.8
34.78459,119.8134,16196.2180556,8.0
34.83126,119.809,16196.2333333,8.1
34.84035,119.8078,16196.236111100001,7.8
21.77153,113.0206,16196.318055599999,0.3
21.77186,113.0213,16196.3361111,1.5
21.759320000000002,113.0313,16196.3430556,5.7
21.75338,113.0351,16196.3472222,5.8
35.17196,119.6547,16196.400694400001,0.7
31.25212,121.5338,16196.4569444,8.0
31.26095,121.5483,16196.4618056,7.7
31.26864,121.5577,16196.464583300001,8.3
31.2958,121.561,16196.474305599999,9.3
31.30596,121.5585,16196.4763889,9.2
31.3159,121.5585,16196.479166699999,8.4
31.344640000000002,121.5334,16196.4916667,8.9
31.358790000000003,121.5028,16196.5006944,9.1
31.36683,121.4989,16196.5027778,8.5
31.3763,121.4991,16196.5069444,7.3
31.39343,121.5146,16196.513888899999,6.4
31.395229999999998,121.5213,16196.5166667,7.1
31.39487,121.5331,16196.5194444,7.5
31.392870000000002,121.5422,16196.522222200001,7.5
31.3914,121.5481,16196.525,7.5
31.389470000000003,121.5577,16196.527083300001,7.5
31.38693,121.5696,16196.5305556,8.0
31.384159999999998,121.5788,16196.5326389,7.8
31.381990000000002,121.5845,16196.5347222,7.6
31.37629,121.5979,16196.5388889,7.9
31.370309999999996,121.6096,16196.54375,7.4
31.3575,121.6312,16196.5506944,7.6
21.740470000000002,112.9892,16196.5597222,2.8
31.33091,121.6755,16196.5659722,8.3
31.22523,121.7911,16196.611111100001,7.8
38.88597,117.7171,16196.614583300001,1.1
35.28456,119.5279,16196.701388899999,5.6
35.249629999999996,119.587,16196.7298611,4.6
31.294959999999996,121.7337,16196.7569444,6.6
35.19365,119.6445,16196.7729167,4.1
31.338690000000003,121.6892,16196.7798611,7.0
31.34255,121.6817,16196.7819444,6.8
31.374859999999998,121.6151,16196.80625,6.8
31.382559999999998,121.5989,16196.8111111,7.1
31.39118,121.5747,16196.8194444,7.0
31.39286,121.557,16196.8243056,7.2
31.39429,121.5484,16196.8277778,7.0
38.88643,117.7164,16196.8375,0.0
38.88645,117.7165,16196.8534722,0.1
38.8865,117.7165,16196.8756944,0.1
38.88635,117.7165,16196.8979167,0.1
38.8864,117.7164,16196.9215278,0.2
38.88632,117.7164,16196.941666699999,0.0
38.886140000000005,117.7164,16196.963194400001,0.1
38.88597,117.7164,16196.9902778,0.0
21.584870000000002,111.8217,16197.0347222,2.7
21.584789999999998,111.815,16197.0375,5.4
21.5792,111.8064,16197.041666699999,6.3
34.81174,119.811,16197.05625,4.2
34.80242,119.8131,16197.0611111,4.2
31.42837,121.4994,16197.0673611,6.6
31.4243,121.5054,16197.0694444,6.8
31.41977,121.51299999999999,16197.072916699999,7.0
31.415940000000003,121.5198,16197.0756944,7.1
31.41137,121.5276,16197.0784722,7.2
31.407590000000003,121.5347,16197.0805556,7.2
31.40178,121.5459,16197.084722200001,7.2
31.39756,121.5538,16197.0868056,7.2
31.394890000000004,121.5591,16197.089583300001,7.2
31.3909,121.5675,16197.0923611,7.2
31.38685,121.5758,16197.0944444,7.3
31.38225,121.5852,16197.097916699999,7.4
31.379659999999998,121.5907,16197.1,7.4
31.37551,121.5992,16197.102777799999,7.5
31.371240000000004,121.6077,16197.1055556,7.4
31.36748,121.615,16197.107638899999,7.5
31.36195,121.6256,16197.111111100001,7.5
31.35793,121.6328,16197.1131944,7.4
31.35541,121.6382,16197.1152778,7.6
31.35053,121.6478,16197.1180556,7.5
31.347459999999998,121.65299999999999,16197.1215278,7.6
31.341759999999997,121.6619,16197.1236111,7.6
31.33577,121.6709,16197.1263889,7.6
31.33185,121.6768,16197.1284722,7.5
31.32736,121.6837,16197.13125,7.5
31.30504,121.7117,16197.142361100001,7.5
31.29832,121.7194,16197.1451389,7.4
31.293120000000002,121.7254,16197.147222200001,7.3
31.2773,121.7421,16197.1548611,7.1
31.26717,121.7519,16197.1597222,7.2
31.2524,121.7661,16197.1659722,7.2
34.55916,119.8455,16197.1722222,5.4
34.55271,119.8438,16197.1763889,5.1
34.5441,119.84,16197.1798611,4.7
34.5373,119.8355,16197.183333300001,5.1
34.53368,119.8328,16197.1861111,4.9
34.52575,119.8267,16197.1902778,5.3
34.51865,119.8212,16197.1951389,5.4
34.511990000000004,119.8161,16197.197916699999,5.6
34.50788,119.8131,16197.2,5.6
34.50144,119.809,16197.2027778,5.8
34.49995,119.8083,16197.204861100001,5.8
34.493359999999996,119.8037,16197.2069444,6.0
34.488490000000006,119.7998,16197.209722200001,6.2
34.48088,119.7926,16197.2138889,6.2
38.880320000000005,117.7387,16197.259027799999,6.6
38.87528,117.7512,16197.2625,7.2
38.872479999999996,117.7579,16197.2645833,7.2
38.86946,117.766,16197.2666667,7.3
38.8674,117.7732,16197.2694444,7.2
38.86487,117.7814,16197.2715278,7.1
38.862770000000005,117.7871,16197.2736111,7.0
38.859770000000005,117.7949,16197.275694400001,7.1
38.85678,117.8029,16197.2777778,7.1
38.855270000000004,117.8093,16197.2805556,7.0
38.85275,117.8256,16197.2847222,6.7
38.85168,117.834,16197.286805599999,6.9
38.85073,117.8401,16197.2888889,7.1
38.84938,117.8501,16197.2923611,7.2
38.84877,117.8589,16197.2944444,7.2
38.84867,117.869,16197.2965278,7.1
38.8489,117.8753,16197.298611100001,6.9
38.849579999999996,117.8837,16197.3013889,6.9
38.85188,117.8927,16197.3048611,6.7
38.85403,117.90299999999999,16197.306944400001,6.8
38.85627,117.9107,16197.3090278,6.7
38.85797,117.9187,16197.3118056,6.7
38.85928,117.9267,16197.3145833,6.6
38.86015,117.9347,16197.316666699999,6.4
38.86195,117.94200000000001,16197.3194444,6.2
38.86237,117.9504,16197.3222222,6.3
38.86312,117.9585,16197.3243056,6.1
38.86523,117.9681,16197.3277778,6.3
38.86673,117.9732,16197.329861100001,6.2
38.86972,117.98200000000001,16197.3326389,5.9
38.87117,117.98899999999999,16197.334722200001,5.9
38.87214,117.9906,16197.338194400001,0.6
38.872,117.9905,16197.3402778,0.4
36.95329,122.7353,16197.354166699999,8.3
36.93923,122.7348,16197.3590278,6.9
36.92946,122.7347,16197.3618056,7.8
36.91798,122.7345,16197.3652778,7.6
36.9087,122.7336,16197.36875,8.3
36.90072,122.7335,16197.3715278,7.2
36.89175,122.7336,16197.3736111,8.1
36.88576,122.7332,16197.3763889,6.5
36.878659999999996,122.7326,16197.3784722,7.8
36.87327,122.73299999999999,16197.38125,8.5
36.86162,122.7328,16197.384027799999,6.7
38.88187,117.9569,16197.388888899999,8.6
38.88852,117.9424,16197.3909722,8.4
38.89287,117.9335,16197.3930556,8.5
38.8971,117.9247,16197.395833300001,8.3
38.90163,117.9161,16197.3979167,8.2
38.905229999999996,117.9105,16197.4,8.2
38.91122,117.9014,16197.4027778,8.4
38.915079999999996,117.8923,16197.4048611,7.7
38.91665,117.8871,16197.40625,7.9
38.91805,117.8774,16197.4083333,7.7
38.92062,117.8645,16197.4131944,7.2
38.92323,117.8547,16197.415277799999,7.2
38.92577,117.8461,16197.4173611,7.5
38.92687,117.84100000000001,16197.420138899999,5.4
38.92757,117.8342,16197.4222222,3.7
38.92805,117.8301,16197.425,2.9
30.089409999999997,121.8439,16197.4736111,8.5
30.88035,122.2559,16198.0152778,7.1
30.869940000000003,122.2637,16198.017361100001,7.2
30.860509999999998,122.2714,16198.0215278,7.2
30.860509999999998,122.2714,16198.0236111,7.2
30.72418,122.3727,16198.072916699999,8.7
30.663320000000002,122.4094,16198.6659722,4.4
31.767909999999997,120.976,16198.6715278,5.1
31.76602,120.98100000000001,16198.6743056,5.6
31.764770000000002,120.9844,16198.6763889,5.3
31.758509999999998,121.0059,16198.683333300001,5.6
31.754109999999997,121.0168,16198.6902778,5.6
30.72628,122.3649,16198.7027778,4.4
30.73269,122.3621,16198.7076389,4.5
30.73436,122.3613,16198.709722200001,4.4
30.741970000000002,122.35799999999999,16198.7118056,4.5
30.74669,122.3557,16198.7166667,4.7
30.75145,122.3533,16198.71875,4.5
30.756159999999998,122.3512,16198.722916699999,4.7
30.766309999999997,122.3434,16198.7263889,5.4
30.77155,122.3382,16198.7298611,5.1
30.77792,122.3333,16198.7347222,6.0
31.69525,121.1442,16198.740972200001,6.9
31.66814,121.1909,16198.759027799999,6.9
31.654009999999996,121.2113,16198.767361100001,6.7
31.654009999999996,121.2113,16198.76875,6.8
31.6462,121.2221,16198.7729167,6.5
31.64485,121.2237,16198.775,6.9
31.63782,121.2321,16198.7777778,6.5
31.632590000000004,121.2382,16198.7819444,6.5
31.622329999999998,121.2507,16198.786805599999,6.8
31.61652,121.2575,16198.790277799999,6.5
31.602870000000003,121.2728,16198.7979167,6.5
31.076420000000002,122.0153,16198.90625,6.7
31.0828,122.0025,16198.9111111,6.7
30.52934,121.8426,16198.9625,6.7
31.20621,121.8232,16198.986111100001,4.6
30.9987,122.5233,16199.06875,8.7
30.89635,122.5464,16199.099305599999,9.4
30.87965,122.5519,16199.1020833,9.0
30.871940000000002,122.5537,16199.1048611,9.0
30.86393,122.5556,16199.10625,8.9
30.85953,122.5567,16199.1090278,8.7
30.8521,122.5589,16199.1118056,8.7
30.84115,122.5624,16199.1131944,9.2
30.83193,122.5656,16199.1152778,9.4
30.826459999999997,122.5675,16199.1180556,9.4
30.8222,122.5689,16199.119444400001,9.6
30.8135,122.5711,16199.1215278,9.6
30.80619,122.5739,16199.1243056,9.9
30.79195,122.5792,16199.1263889,10.3
30.78347,122.5805,16199.1284722,10.3
34.48117,119.7927,16199.1548611,6.2
34.487770000000005,119.8,16199.1583333,6.2
34.490390000000005,119.8028,16199.160416699999,6.0
34.49405,119.8058,16199.1625,6.2
34.50228,119.8111,16199.165277799999,5.6
34.50732,119.8151,16199.1680556,5.4
34.51363,119.8204,16199.1729167,5.6
34.520109999999995,119.8239,16199.175,5.4
34.52472,119.8258,16199.177083300001,4.5
34.5278,119.8288,16199.1791667,4.9
34.53195,119.8349,16199.181944400001,6.0
34.53563,119.8372,16199.1847222,5.6
34.543859999999995,119.8415,16199.1875,6.5
34.550090000000004,119.8409,16199.1902778,6.3
34.5544,119.8398,16199.193055599999,6.9
34.55669,119.8329,16199.1958333,0.8
34.5593,119.8326,16199.197916699999,4.4
34.56086,119.8314,16199.2020833,0.9
34.5599,119.8335,16199.204861100001,3.8
34.556509999999996,119.8405,16199.2076389,8.1
34.54772,119.84299999999999,16199.209722200001,8.7
34.53546,119.8367,16199.214583300001,9.9
34.52497,119.8289,16199.2180556,9.2
34.51562,119.8217,16199.2201389,8.7
34.50636,119.814,16199.224305599999,9.0
34.494890000000005,119.8033,16199.2270833,9.0
34.48742,119.7967,16199.2298611,8.1
34.4792,119.7909,16199.232638899999,9.4
31.0863,122.0148,16199.2861111,4.8
31.142709999999997,121.9131,16199.3368056,5.7
31.2181,121.8104,16199.385416699999,7.3
31.23167,121.7971,16199.3916667,7.2
29.94407,122.3203,16199.400694400001,7.1
31.25917,121.7686,16199.4048611,6.8
31.2642,121.7635,16199.4076389,6.9
31.277890000000003,121.7492,16199.4138889,7.0
31.283079999999998,121.7438,16199.416666699999,7.2
29.897029999999997,122.2542,16199.4208333,11.2
29.89173,122.2373,16199.4243056,10.9
29.889129999999998,122.2291,16199.427083300001,10.7
29.884059999999998,122.2188,16199.4298611,9.4
29.870759999999997,122.1975,16199.4340278,9.4
29.864620000000002,122.1873,16199.4381944,9.6
29.84995,122.1647,16199.4451389,8.1
29.83895,122.1486,16199.45,8.2
29.83445,122.1425,16199.451388899999,8.3
29.822290000000002,122.1252,16199.458333300001,8.5
29.81186,122.1089,16199.4638889,8.1
29.80057,122.09200000000001,16199.4694444,8.1
29.770909999999997,122.0597,16199.4819444,8.4
29.75429,122.056,16199.4875,8.5
31.77192,121.0964,16199.4923611,84.8
29.68975,122.0439,16199.50625,9.2
29.67213,122.0526,16199.510416699999,9.4
31.33663,121.5511,16199.5284722,4.9
31.327409999999997,121.5572,16199.5347222,5.1
31.315109999999997,121.5574,16199.540277799999,4.9
27.82997,121.3261,16200.0305556,9.6
27.750970000000002,121.2475,16200.0576389,9.7
27.743920000000003,121.2403,16200.0597222,9.7
27.733790000000003,121.2305,16200.0631944,9.6
27.7204,121.2162,16200.068055599999,9.5
27.713420000000003,121.208,16200.0708333,9.3
27.70777,121.2003,16200.072916699999,9.5
27.70304,121.1936,16200.0756944,9.4
26.929190000000002,120.4118,16200.3430556,9.6
26.91449,120.404,16200.3458333,9.9
26.90855,120.3991,16200.347916699999,9.6
26.902359999999998,120.3945,16200.3506944,10.1
26.8921,120.3879,16200.352777799999,9.9
26.88488,120.3828,16200.3555556,10.1
26.876859999999997,120.3775,16200.357638899999,10.1
26.866229999999998,120.3711,16200.3597222,10.1
26.847959999999997,120.3592,16200.3652778,9.9
20.24618,110.5896,16200.36875,8.0
26.80903,120.3362,16200.3763889,9.6
26.796879999999998,120.3288,16200.380555599999,9.6
26.77117,120.3127,16200.3868056,9.9
26.767909999999997,120.3106,16200.3895833,9.9
20.238979999999998,110.5049,16200.3944444,7.6
26.71906,120.2802,16200.4027778,9.9
20.21582,110.3977,16200.4277778,7.4
20.21487,110.3965,16200.4298611,7.2
26.574959999999997,120.1898,16200.44375,9.8
20.16592,110.3411,16200.4527778,6.7
26.529970000000002,120.155,16200.4576389,9.9
26.52583,120.1493,16200.4611111,10.1
20.13875,110.3197,16200.4652778,6.9
20.13156,110.3171,16200.4673611,6.7
20.12204,110.3145,16200.4722222,4.5
20.11826,110.3131,16200.474305599999,5.3
20.11201,110.3123,16200.479166699999,4.5
26.470709999999997,120.0648,16200.4833333,10.1
26.46095,120.0488,16200.4881944,9.6
26.45317,120.0354,16200.4923611,9.0
26.445120000000003,120.022,16200.495833300001,9.4
26.442320000000002,120.0169,16200.4986111,9.6
26.43125,119.9884,16200.5034722,9.8
26.4254,119.9776,16200.505555599999,10.1
20.07161,110.287,16200.5125,4.2
20.06776,110.2862,16200.5152778,4.2
20.06084,110.2865,16200.5201389,4.4
20.05705,110.2999,16200.527083300001,4.0
20.05333,110.3152,16200.5340278,5.1
26.3989,119.9361,16200.870833300001,0.0
26.398970000000002,119.9359,16200.8763889,0.6
26.39671,119.9412,16200.8784722,8.3
26.39333,119.95100000000001,16200.88125,8.7
26.390629999999998,119.9583,16200.884027799999,8.5
26.37288,119.9609,16200.8868056,9.0
26.37535,119.9617,16200.8895833,9.2
26.34777,119.9532,16200.89375,10.3
26.33943,119.9496,16200.895833300001,10.3
26.33778,119.9486,16200.8979167,10.3
26.32906,119.9406,16200.9,10.3
26.320859999999996,119.9336,16200.9027778,10.1
26.310579999999998,119.9256,16200.9048611,10.5
26.3091,119.9243,16200.9069444,10.3
26.302559999999996,119.9187,16200.9090278,10.3
26.303040000000003,119.8522,16200.925,10.1
26.30878,119.8645,16201.04375,9.4
26.307990000000004,119.8698,16201.0458333,9.9
26.3083,119.8824,16201.048611100001,9.6
26.30935,119.8942,16201.0506944,9.2
26.31062,119.904,16201.0527778,9.8
26.312959999999997,119.9136,16201.0555556,9.4
26.316709999999997,119.9215,16201.0576389,9.6
26.322159999999997,119.9292,16201.0597222,9.4
26.3265,119.9351,16201.0618056,9.0
26.334559999999996,119.9445,16201.0645833,8.7
26.339209999999998,119.9493,16201.066666699999,9.2
26.345940000000002,119.9525,16201.06875,8.7
26.354670000000002,119.9557,16201.0708333,8.5
26.36212,119.9581,16201.0736111,8.3
26.372659999999996,119.9616,16201.076388899999,8.5
26.38117,119.9641,16201.079861100001,9.2
26.38843,119.9589,16201.0819444,7.8
26.389390000000002,119.9519,16201.0854167,7.8
26.38803,119.9408,16201.0875,8.1
26.38662,119.9247,16201.0909722,8.5
26.38578,119.9194,16201.0930556,8.5
20.052960000000002,110.3174,16201.1645833,6.0
20.05679,110.3019,16201.1708333,4.5
20.05722,110.29700000000001,16201.173611100001,5.6
20.059070000000002,110.2889,16201.1763889,6.5
20.063979999999997,110.2801,16201.1805556,7.2
20.07744,110.26299999999999,16201.1875,7.4
20.112470000000002,110.2248,16201.2034722,7.4
20.12048,110.2166,16201.2069444,7.2
20.135070000000002,110.1948,16201.2152778,6.9
20.136129999999998,110.1928,16201.2180556,6.9
20.141370000000002,110.1817,16201.2222222,6.9
20.14421,110.1729,16201.224305599999,6.9
20.14566,110.1647,16201.227777799999,7.1
20.14574,110.1585,16201.2298611,6.9
20.14573,110.1529,16201.2319444,6.9
20.144920000000003,110.1383,16201.2354167,6.9
20.14501,110.132,16201.2381944,6.9
20.14518,110.12899999999999,16201.2402778,6.7
20.14569,110.118,16201.2430556,6.9
20.14625,110.1055,16201.2472222,7.2
20.14651,110.1013,16201.2493056,7.1
20.14695,110.0907,16201.2520833,6.9
20.14708,110.0819,16201.254166699999,6.9
20.14722,110.0755,16201.2569444,7.1
20.14763,110.0667,16201.2597222,6.9
20.148220000000002,110.0533,16201.263888899999,6.9
20.14888,110.0427,16201.2680556,6.7
20.14921,110.0366,16201.270833300001,6.7
20.14946,110.0316,16201.2729167,6.7
20.15004,110.0227,16201.275694400001,6.7
20.15052,110.0172,16201.2777778,6.7
20.1514,110.0078,16201.2798611,6.5
20.152060000000002,109.9991,16201.2826389,6.5
20.1523,109.9896,16201.286805599999,6.5
20.15203,109.9818,16201.2888889,6.5
20.1527,109.9748,16201.2923611,6.3
20.15372,109.9682,16201.295138899999,6.3
20.15387,109.9612,16201.2972222,6.3
20.15385,109.9588,16201.3,6.3
20.15401,109.946,16201.3027778,6.2
20.15418,109.9413,16201.3055556,6.2
20.15474,109.9333,16201.3076389,6.0
20.1552,109.9257,16201.3111111,6.3
20.15568,109.9167,16201.3159722,6.0
20.15578,109.9105,16201.318055599999,6.2
20.15577,109.8983,16201.321527799999,6.0
20.15579,109.8874,16201.326388899999,6.0
20.15569,109.8767,16201.329861100001,5.8
20.15565,109.8722,16201.3319444,5.4
20.15633,109.8374,16201.347916699999,5.4
20.15646,109.8328,16201.35,5.3
20.15673,109.8248,16201.3520833,5.6
20.156760000000002,109.8234,16201.354166699999,4.9
20.157870000000003,109.8145,16201.35625,5.3
20.15829,109.8099,16201.3590278,5.4
20.158839999999998,109.794,16201.3680556,5.4
20.15942,109.7845,16201.3701389,5.1
20.15981,109.7799,16201.3736111,4.9
20.16055,109.7705,16201.3770833,5.1
20.16222,109.7558,16201.3826389,4.5
20.16215,109.7451,16201.3881944,4.9
20.162110000000002,109.7422,16201.3902778,5.4
26.38509,119.9133,16201.3986111,0.9
26.38529,119.914,16201.5819444,0.6
26.38519,119.9138,16201.5840278,0.4
26.384359999999997,119.9158,16201.5861111,6.3
26.38648,119.9192,16201.589583300001,9.0
26.39381,119.9373,16201.5916667,9.8
26.396929999999998,119.948,16201.5944444,9.8
26.39773,119.9509,16201.5965278,9.6
26.40172,119.964,16201.5986111,9.6
26.40427,119.9725,16201.6006944,9.8
26.40757,119.9828,16201.602777799999,9.6
26.412359999999996,119.9945,16201.6069444,9.4
26.414479999999998,119.9997,16201.6090278,9.2
26.4174,120.0077,16201.611111100001,9.2
26.420479999999998,120.0166,16201.6138889,9.4
26.42533,120.0292,16201.615972200001,9.4
26.429109999999998,120.0399,16201.6180556,9.6
26.43215,120.0471,16201.620833300001,9.8
26.43713,120.0608,16201.6229167,10.3
26.438670000000002,120.0667,16201.625,10.1
26.442659999999997,120.0801,16201.6270833,10.1
26.443040000000003,120.0811,16201.629166699999,10.1
26.448859999999996,120.0982,16201.63125,10.3
26.44988,120.1006,16201.6333333,10.3
26.45311,120.1089,16201.6361111,10.5
26.45924,120.12700000000001,16201.6381944,10.5
26.46092,120.1332,16201.6402778,10.3
26.46531,120.1453,16201.642361100001,10.8
26.466070000000002,120.1467,16201.6444444,10.7
26.47522,120.1615,16201.6465278,10.7
26.481090000000002,120.1712,16201.6493056,11.0
26.482129999999998,120.17299999999999,16201.6513889,10.7
26.49155,120.1856,16201.6534722,10.3
26.496940000000002,120.19200000000001,16201.65625,10.3
26.50645,120.2059,16201.6590278,10.3
26.511540000000004,120.2137,16201.661805599999,10.1
26.520809999999997,120.2248,16201.6638889,10.1
26.52923,120.2383,16201.6694444,10.3
26.54045,120.2531,16201.6722222,10.1
26.543470000000003,120.2571,16201.6743056,10.1
21.74474,113.0274,16201.68125,2.7
26.574309999999997,120.3049,16201.6868056,10.5
31.343890000000002,121.5393,16201.6923611,7.0
21.74111,113.0049,16201.7006944,2.7
31.3809,121.5016,16201.713194400001,7.6
31.384990000000002,121.5645,16201.732638899999,7.7
31.37752,121.5857,16201.7381944,7.8
21.75619,113.0581,16201.821527799999,2.9
21.755879999999998,113.05,16201.8277778,2.9
21.755760000000002,113.044,16201.8326389,2.9
21.755010000000002,113.0092,16201.861111100001,2.7
21.75424,112.9996,16201.869444400001,2.7
21.7659,112.9766,16201.88125,6.9
34.481,119.7925,16201.9555556,9.4
34.48523,119.7963,16201.9590278,9.0
34.4888,119.8007,16201.9618056,9.0
34.51234,119.8192,16201.9659722,9.0
34.51793,119.8229,16201.9680556,9.0
34.52588,119.8285,16201.9701389,9.2
34.53398,119.8342,16201.972916699999,9.4
34.5468,119.8416,16201.9763889,8.9
34.5537,119.8427,16201.98125,8.1
34.569359999999996,119.8415,16201.9833333,7.8
34.57353,119.8406,16201.9854167,6.5
34.580690000000004,119.8415,16201.9902778,8.3
34.597640000000006,119.836,16201.9930556,7.2
34.6924,119.8215,16202.0236111,8.3
34.75223,119.8125,16202.0423611,8.3
34.818979999999996,119.8041,16202.0625,8.3
34.83278,119.8021,16202.0659722,8.1
34.83995,119.8026,16202.06875,8.3
34.84575,119.803,16202.0708333,8.1
34.90566,119.7913,16202.0888889,8.1
21.77321,113.0202,16202.0965278,0.0
21.77318,113.0203,16202.1118056,0.1
21.77326,113.0201,16202.138888899999,0.1
21.773320000000002,113.0201,16202.1875,0.1
35.22163,119.6092,16202.1972222,7.8
21.77329,113.0201,16202.2090278,0.1
30.85172,122.2913,16202.21875,6.9
30.84318,122.3017,16202.2222222,6.7
21.773329999999998,113.0201,16202.2270833,0.1
21.76012,113.0383,16202.349305599999,6.7
30.67253,122.3989,16202.4770833,7.8
30.681520000000003,122.3916,16202.4798611,8.0
30.6877,122.3879,16202.4833333,8.3
30.69922,122.3835,16202.4881944,8.3
30.715759999999996,122.3772,16202.490972200001,8.0
30.721020000000003,122.3753,16202.49375,7.4
30.72883,122.3717,16202.495833300001,7.2
30.734059999999996,122.3685,16202.5,6.7
30.740909999999996,122.3627,16202.5013889,6.9
30.745140000000003,122.3581,16202.5048611,7.1
30.751559999999998,122.3531,16202.5069444,6.7
30.76193,122.3466,16202.510416699999,6.3
30.76649,122.3434,16202.5145833,6.5
30.77972,122.3339,16202.5194444,6.3
30.806240000000003,122.3138,16202.5305556,7.2
30.836509999999997,122.2963,16202.5430556,7.4
30.858340000000002,122.2801,16202.55,6.9
30.88515,122.2544,16202.5645833,5.6
30.92466,122.215,16202.583333300001,6.3
30.93275,122.208,16202.588194400001,5.1
30.938809999999997,122.2034,16202.5923611,6.3
30.984790000000004,122.1648,16202.6152778,5.6
31.072879999999998,122.0222,16202.9368056,5.2
21.74829,113.0668,16202.9506944,6.9
38.92738,117.8495,16202.9659722,7.9
38.92313,117.8739,16202.9701389,8.7
38.92022,117.8843,16202.974305599999,8.7
31.217270000000003,121.8134,16203.0236111,7.7
31.23038,121.8005,16203.0277778,8.3
31.255329999999997,121.7752,16203.0381944,7.8
31.27307,121.7566,16203.0458333,7.7
31.27905,121.7505,16203.048611100001,8.0
31.28743,121.7417,16203.052083300001,8.0
31.29525,121.7335,16203.05625,7.9
31.30455,121.7233,16203.0590278,8.1
31.31425,121.7132,16203.0631944,8.1
31.32245,121.7037,16203.066666699999,7.9
31.32746,121.6977,16203.0694444,6.6
31.33826,121.6855,16203.075,8.0
31.3574,121.6518,16203.0861111,8.4
31.365129999999997,121.6367,16203.0909722,8.0
31.37769,121.6108,16203.0986111,7.9
31.38389,121.5895,16203.1048611,7.4
31.38663,121.5667,16203.1104167,8.6
31.39347,121.5458,16203.1166667,7.3
31.395770000000002,121.5366,16203.119444400001,7.1
31.39084,121.5098,16203.1298611,1.2
31.392129999999998,121.5148,16203.134027799999,3.6
31.393279999999997,121.5191,16203.1368056,4.3
31.394440000000003,121.5225,16203.1395833,4.5
31.40141,121.5273,16203.142361100001,5.4
38.88498,118.4923,16203.1465278,5.6
38.88455,118.4985,16203.1486111,5.6
38.88413,118.5005,16203.1513889,5.8
38.8829,118.5055,16203.1534722,5.8
38.881820000000005,118.5127,16203.1555556,5.8
38.88158,118.5219,16203.1576389,5.8
38.88203,118.5308,16203.1597222,6.0
38.88237,118.5367,16203.1625,6.0
38.882870000000004,118.5422,16203.165277799999,6.0
38.88353,118.5497,16203.1673611,6.0
38.88443,118.555,16203.1694444,6.2
38.88665,118.5633,16203.1722222,6.0
38.890029999999996,118.5732,16203.1743056,6.2
38.89186,118.5782,16203.177083300001,6.2
38.89475,118.5861,16203.1798611,6.2
38.89767,118.5939,16203.181944400001,6.0
38.90118,118.6039,16203.1847222,6.2
38.90292,118.6102,16203.1875,6.2
38.90513,118.6175,16203.1902778,6.2
38.90898,118.6293,16203.19375,6.2
38.911229999999996,118.6356,16203.1972222,6.2
38.91553,118.6477,16203.2006944,6.3
38.91832,118.6571,16203.2041667,6.3
38.9201,118.6635,16203.20625,6.3
38.92105,118.6667,16203.208333300001,6.3
38.92603,118.6837,16203.2118056,6.3
38.92998,118.6977,16203.2166667,6.5
38.93298,118.7097,16203.2201389,6.3
38.93672,118.7253,16203.225,6.5
38.9458,118.7564,16203.236111100001,6.9
38.94882,118.7655,16203.2381944,6.9
20.76455,109.0259,16203.2520833,8.1
20.819979999999997,109.0339,16203.2701389,8.5
20.885289999999998,109.0409,16203.2895833,7.8
20.91217,109.0425,16203.2979167,7.8
21.05384,109.0484,16203.3423611,8.0
21.1501,109.0667,16203.375,7.6
21.28547,109.0949,16203.41875,7.2
35.28435,119.5281,16203.475,6.1
21.4201,109.1234,16203.4993056,0.2
21.41938,109.1242,16203.504166699999,1.3
21.417820000000003,109.1228,16203.509027799999,2.9
35.23637,119.6055,16203.513888899999,4.7
31.25412,121.7739,16203.517361100001,5.7
35.17225,119.6583,16203.553472200001,4.6
31.3634,121.6415,16203.5791667,6.7
31.37272,121.6197,16203.5875,6.7
31.37347,121.6177,16203.589583300001,6.7
31.37599,121.6045,16203.5923611,7.2
31.376479999999997,121.6021,16203.5944444,7.1
31.375009999999996,121.609,16203.5965278,7.0
31.37984,121.5872,16203.599305599999,7.3
31.388659999999998,121.5557,16203.6069444,7.6
31.391140000000004,121.5473,16203.6090278,7.7
31.395059999999997,121.5234,16203.615972200001,6.3
31.39305,121.5143,16203.619444400001,6.8
31.390109999999996,121.5086,16203.6215278,6.9
31.3842,121.5024,16203.6236111,7.2
31.37847,121.4995,16203.6270833,7.6
31.37012,121.4979,16203.6298611,7.1
31.36233,121.4995,16203.6333333,7.0
31.35633,121.5055,16203.6368056,7.0
31.34773,121.5232,16203.6451389,7.5
31.33548,121.5536,16203.6513889,7.0
31.327209999999997,121.5576,16203.6548611,7.1
31.331909999999997,121.5558,16203.6569444,7.1
31.31117,121.55799999999999,16203.660416699999,7.3
31.30733,121.5574,16203.666666699999,6.6
31.2864,121.5654,16203.670138899999,6.9
31.27569,121.564,16203.673611100001,7.4
31.26894,121.5585,16203.6791667,7.0
31.26063,121.5477,16203.68125,6.7
34.85561,119.8052,16203.739583300001,4.7
34.842220000000005,119.8069,16203.7472222,4.7
34.8319,119.8074,16203.7520833,4.7
34.82717,119.8079,16203.755555599999,5.1
34.81426,119.8088,16203.7631944,4.5
34.80715,119.81,16203.7666667,4.5
34.80212,119.8109,16203.76875,4.4
34.79322,119.8123,16203.772222200001,4.4
34.7859,119.8134,16203.7763889,4.5
34.78467,119.8136,16203.7798611,4.5
34.774390000000004,119.8142,16203.7847222,4.7
34.760670000000005,119.8148,16203.7909722,4.7
34.75267,119.8152,16203.7944444,4.9
34.75199,119.8152,16203.7972222,4.9
34.73509,119.8185,16203.803472200001,4.5
34.55918,119.8446,16203.8826389,6.3
34.55578,119.8441,16203.8847222,6.0
34.53998,119.8379,16203.8895833,5.4
34.543820000000004,119.8409,16203.8930556,5.3
34.52837,119.8297,16203.8951389,5.6
34.523579999999995,119.8263,16203.8979167,5.6
34.520959999999995,119.8239,16203.900694400001,5.8
34.5133,119.8181,16203.9048611,5.8
34.508959999999995,119.8151,16203.9069444,5.8
34.50176,119.8096,16203.910416699999,6.0
34.49472,119.8041,16203.9125,6.0
34.49341,119.8029,16203.9159722,5.8
34.48146,119.7937,16203.91875,6.7
34.47814,119.7912,16203.9215278,6.9
38.805279999999996,118.3111,16204.150694400001,7.2
38.806979999999996,118.2867,16204.1569444,7.2
38.8086,118.2765,16204.160416699999,7.2
38.81002,118.2688,16204.1631944,7.2
38.84932,117.8191,16204.295138899999,5.3
38.8543,117.8084,16204.3006944,5.3
38.87372,117.7591,16204.3222222,5.2
36.71654,122.7626,16204.88125,9.4
36.72527,122.7615,16204.8826389,9.4
36.739709999999995,122.7597,16204.8861111,9.4
36.738820000000004,122.7598,16204.8909722,9.4
36.76805,122.7601,16204.8944444,9.8
36.78175,122.7599,16204.8979167,9.9
36.791709999999995,122.7591,16204.9,9.6
36.80036,122.7586,16204.9027778,9.6
36.80581,122.7578,16204.9048611,9.6
36.829029999999996,122.7559,16204.9097222,9.9
36.84107,122.7555,16204.9125,10.3
36.84195,122.7556,16204.9145833,9.9
36.85784,122.7556,16204.916666699999,10.1
36.8699,122.7549,16204.920138899999,10.1
36.88204,122.7547,16204.9222222,9.9
36.88863,122.7546,16204.9243056,10.1
36.898,122.7546,16204.9263889,10.1
36.90941,122.7555,16204.9291667,10.1
36.9159,122.7549,16204.93125,10.1
36.92566,122.7537,16204.9340278,10.1
36.92804,122.7533,16204.9361111,10.1
36.93557,122.7528,16204.9381944,10.1
36.94921,122.75200000000001,16204.9409722,10.3
36.96577,122.7509,16204.943055599999,10.1
36.96802,122.7507,16204.9451389,10.1
36.98192,122.7498,16204.9472222,10.3
36.9843,122.7496,16204.9493056,10.3
36.99284,122.7495,16204.9520833,10.3
37.00092,122.7494,16204.9541667,10.3
37.0209,122.7487,16204.9569444,10.3
37.01947,122.7487,16204.9590278,10.3
37.0397,122.7483,16204.9611111,10.3
37.036809999999996,122.7482,16204.963194400001,10.3
37.04589,122.7481,16204.9652778,10.3
37.05553,122.7477,16204.9673611,10.3
37.06988,122.7475,16204.9701389,10.3
37.07222,122.7475,16204.9722222,10.3
37.079809999999995,122.7469,16204.974305599999,10.1
37.09599,122.7466,16204.9763889,10.1
37.10824,122.7465,16204.9784722,10.3
37.11633,122.7463,16204.9805556,10.1
37.12885,122.7451,16204.9833333,9.9
37.12556,122.7451,16204.9854167,9.9
37.14463,122.7437,16204.9881944,10.1
37.15446,122.743,16204.9923611,10.1
37.17621,122.7357,16204.9951389,9.4
37.18095,122.73299999999999,16204.9979167,9.2
37.22775,122.7072,16205.013888899999,8.9
38.8798,117.7416,16205.097916699999,8.0
38.8765,117.7521,16205.1006944,8.1
38.855129999999996,117.8108,16205.1180556,7.3
38.856320000000004,117.9298,16205.15,7.0
38.87425,118.1629,16205.21875,6.3
38.879259999999995,118.2525,16205.245833300001,6.3
38.8794,118.2548,16205.2486111,6.3
38.88033,118.2705,16205.2534722,6.3
38.88082,118.2795,16205.255555599999,6.3
38.88097,118.2818,16205.2576389,6.3
38.88177,118.2943,16205.260416699999,6.3
38.88212,118.3045,16205.2631944,6.2
38.8824,118.318,16205.2659722,6.3
38.8824,118.3217,16205.2680556,6.5
38.88165,118.3354,16205.270833300001,6.7
38.88102,118.3484,16205.275694400001,6.9
38.88068,118.3558,16205.2784722,6.7
38.87997,118.3713,16205.2826389,6.7
38.88003,118.3725,16205.2847222,6.7
21.738770000000002,113.0948,16205.4451389,2.9
21.7389,113.0897,16205.4486111,2.9
21.743029999999997,113.1207,16205.5027778,3.6
21.73444,113.1377,16205.729166699999,2.9
21.73555,113.1171,16205.7451389,2.9
38.83008,118.3902,16205.8027778,6.9
31.3438,121.5355,16205.839583300001,7.5
38.852579999999996,118.2272,16205.8513889,6.0
21.854589999999998,113.2351,16205.9340278,7.6
21.90694,113.2125,16205.9493056,8.8
21.92033,113.2135,16205.95625,1.3
21.920720000000003,113.2134,16205.9770833,0.0
21.91279,113.2059,16205.9930556,6.7
21.92395,113.1697,16206.0118056,8.9
21.95255,113.1425,16206.0152778,9.8
21.96777,113.1313,16206.0194444,9.6
21.97863,113.1208,16206.022222200001,9.3
21.98669,113.1143,16206.025694400001,9.4
22.00604,113.0931,16206.0326389,9.4
22.02586,113.0851,16206.0375,10.1
22.03135,113.0841,16206.040277799999,10.1
22.06362,113.0859,16206.0465278,10.1
22.07206,113.0866,16206.0493056,10.1
38.88545,117.7158,16206.0527778,5.8
22.10872,113.094,16206.0576389,10.7
34.47918,119.7913,16206.1597222,10.8
34.48649,119.7981,16206.161805599999,10.8
34.491640000000004,119.8023,16206.1638889,10.8
34.50138,119.8097,16206.166666699999,10.1
34.51323,119.8183,16206.1694444,11.9
34.52816,119.8293,16206.173611100001,11.7
34.53962,119.8373,16206.1763889,11.7
34.55731,119.8472,16206.1798611,9.6
34.57014,119.8459,16206.1826389,9.2
34.58148,119.8397,16206.1875,8.7
34.59124,119.8379,16206.1909722,8.9
34.61201,119.8329,16206.1958333,8.9
34.64371,119.825,16206.2055556,9.0
34.67575,119.8201,16206.214583300001,9.2
31.41623,121.5398,16206.2451389,3.7
34.806940000000004,119.8004,16206.2506944,8.7
34.815509999999996,119.7991,16206.2534722,8.7
34.8278,119.7973,16206.2569444,8.7
34.83869,119.7954,16206.2583333,8.7
31.37977,121.5795,16206.275,5.1
35.26095,119.5615,16206.4069444,7.7
37.191179999999996,122.7126,16206.433333300001,7.6
37.14997,122.7335,16206.447916699999,7.6
37.1326,122.7379,16206.45625,7.2
37.12941,122.7395,16206.4604167,7.4
37.10992,122.7472,16206.4652778,7.4
37.10021,122.749,16206.4701389,7.6
37.09986,122.7491,16206.4736111,7.6
37.09321,122.7498,16206.4756944,7.6
37.06981,122.7506,16206.479166699999,7.6
37.06128,122.7504,16206.482638899999,7.6
37.025940000000006,122.7397,16206.4902778,7.8
37.020270000000004,122.7338,16206.49375,7.8
37.02507,122.7388,16206.4965278,7.8
37.009,122.7209,16206.4986111,7.6
37.00223,122.713,16206.5006944,7.8
37.00976,122.7218,16206.5034722,7.6
36.99507,122.7047,16206.505555599999,7.8
36.98554,122.6927,16206.5083333,8.0
36.97663,122.682,16206.5131944,7.8
36.96917,122.6735,16206.5166667,7.8
36.96014,122.666,16206.51875,8.0
36.958009999999994,122.6634,16206.5215278,7.8
36.94877,122.6515,16206.5236111,7.8
36.94732,122.6496,16206.525694400001,7.8
36.93888,122.6386,16206.5284722,8.0
36.93452,122.6317,16206.5305556,8.1
36.93203,122.6275,16206.5326389,8.1
36.926790000000004,122.6177,16206.535416699999,8.0
36.92282,122.6103,16206.5375,7.6
36.92383,122.6121,16206.5395833,7.6
36.92212,122.6093,16206.5423611,7.6
36.91454,122.5964,16206.5506944,7.6
36.89654,122.5601,16206.5527778,8.9
36.91536,122.5979,16206.5548611,7.6
36.91234,122.5922,16206.556944400001,7.8
36.91062,122.5888,16206.5590278,7.8
36.88382,122.5262,16206.5631944,9.4
36.88371,122.5257,16206.5652778,9.4
36.87937,122.4917,16206.5673611,9.6
36.88106,122.4826,16206.5694444,9.6
36.88191,122.4752,16206.572916699999,9.9
36.88322,122.4651,16206.575,9.4
36.88647,122.454,16206.5777778,7.2
36.88582,122.456,16206.579861100001,7.6
36.88816,122.4487,16206.5826389,4.5
36.89367,122.4424,16206.584722200001,0.6
33.98878,122.8259,16206.6277778,0.2
38.87912,118.1791,16206.6402778,7.2
38.88012,118.2287,16206.6493056,6.9
38.88062,118.2605,16206.6590278,6.7
38.881029999999996,118.2762,16206.6631944,6.7
38.88133,118.2926,16206.6715278,6.5
38.881370000000004,118.3134,16206.675,6.5
38.88175,118.3329,16206.68125,6.3
38.88225,118.3476,16206.6861111,6.3
38.8827,118.3577,16206.6888889,6.3
38.882529999999996,118.3687,16206.693055599999,6.0
38.882220000000004,118.3797,16206.6958333,6.2
38.88237,118.3873,16206.697916699999,6.0
38.88265,118.3991,16206.7006944,6.0
38.883070000000004,118.4173,16206.70625,6.0
38.88327,118.4216,16206.7090278,6.0
38.883340000000004,118.4292,16206.7118056,6.0
38.88343,118.4324,16206.7138889,6.0
38.8834,118.4773,16206.7284722,5.8
38.88362,118.5027,16206.7368056,5.8
38.88653,118.5345,16206.7451389,6.0
38.89038,118.5489,16206.7493056,6.0
38.89335,118.5613,16206.755555599999,6.0
38.8971,118.5804,16206.7625,6.3
38.8989,118.5892,16206.7652778,6.3
38.90485,118.6124,16206.772222200001,6.3
38.90892,118.6245,16206.7784722,6.2
38.91325,118.6412,16206.7805556,6.3
38.9156,118.6507,16206.786805599999,6.2
38.9192,118.6677,16206.7909722,6.2
38.92293,118.6859,16206.795138899999,6.3
38.92457,118.6948,16206.798611100001,6.3
38.9477,118.7974,16206.8284722,7.6
39.02408,118.9608,16206.8770833,8.7
39.03185,118.9764,16206.8833333,8.8
39.0663,119.0375,16206.8965278,9.0
39.07863,119.0596,16206.9034722,9.1
36.89369,122.4424,16206.9243056,1.8
36.89393,122.4423,16206.927083300001,2.7
36.89784,122.4379,16206.9305556,5.1
36.89686,122.4365,16206.933333300001,4.7
36.894659999999995,122.4336,16206.9354167,1.3
39.16425,119.1686,16206.9388889,9.1
36.89423,122.4335,16207.125,0.0
36.89477,122.4339,16207.1277778,4.0
36.89732,122.4368,16207.1298611,8.0
36.89602,122.4464,16207.1319444,9.2
36.889920000000004,122.4546,16207.134027799999,9.2
36.88426,122.4624,16207.1361111,9.0
36.879940000000005,122.4644,16207.1381944,9.8
36.877590000000005,122.4645,16207.1402778,10.1
36.86061,122.4641,16207.142361100001,10.5
36.85915,122.464,16207.1451389,10.5
36.83766,122.4634,16207.1479167,10.3
36.83344,122.4641,16207.15,10.3
36.81593,122.46700000000001,16207.1527778,10.1
36.810179999999995,122.4673,16207.1548611,10.3
36.800059999999995,122.4676,16207.1569444,10.5
36.78884,122.4679,16207.1590278,10.5
36.77554,122.4683,16207.1625,10.5
36.769090000000006,122.4684,16207.1645833,10.7
36.75634,122.4689,16207.166666699999,10.5
36.75481,122.4689,16207.1694444,10.7
36.73677,122.4695,16207.1729167,10.3
36.725229999999996,122.4701,16207.175,10.5
36.71213,122.4707,16207.177083300001,10.3
36.71024,122.4706,16207.1798611,10.3
36.70203,122.4709,16207.181944400001,10.3
36.67928,122.4717,16207.1854167,9.6
36.666129999999995,122.4711,16207.1888889,9.6
36.547109999999996,122.4776,16207.2194444,10.5
36.51818,122.4788,16207.227777799999,10.3
38.81367,118.39399999999999,16207.5909722,5.1
38.8152,118.3814,16207.5958333,5.1
38.81628,118.3641,16207.6020833,5.1
38.817,118.3568,16207.6048611,5.1
38.81788,118.3482,16207.607638899999,5.1
38.82378,118.3096,16207.6222222,5.4
38.82497,118.3019,16207.625,5.4
31.26697,121.7616,16207.6284722,7.0
31.272129999999997,121.7563,16207.63125,7.0
38.8302,118.2668,16207.6375,5.6
31.29245,121.7346,16207.6409722,7.2
31.29703,121.7298,16207.6430556,7.4
31.30156,121.7247,16207.6451389,7.4
31.30602,121.7194,16207.647222200001,7.5
31.311040000000002,121.7148,16207.6493056,7.5
31.31744,121.7101,16207.652083300001,7.6
31.32913,121.6993,16207.6569444,7.6
31.33312,121.6936,16207.6590278,7.5
31.3383,121.6898,16207.6611111,7.3
31.341720000000002,121.6834,16207.6631944,7.8
31.34595,121.6753,16207.6659722,8.5
31.34948,121.6679,16207.6680556,8.4
31.3532,121.6611,16207.670138899999,8.3
31.356959999999997,121.654,16207.6722222,8.4
31.3603,121.6467,16207.6743056,8.4
31.364890000000003,121.6371,16207.677083300001,8.3
31.36877,121.6285,16207.6798611,8.4
31.369909999999997,121.626,16207.68125,8.4
31.376479999999997,121.6127,16207.6840278,8.6
31.37985,121.6052,16207.6861111,8.5
31.3832,121.5978,16207.6881944,8.5
31.38658,121.5903,16207.6902778,8.6
31.38989,121.5827,16207.6923611,8.5
31.393659999999997,121.5754,16207.6944444,8.5
31.39715,121.5682,16207.696527799999,8.5
31.40045,121.561,16207.6986111,8.6
31.404659999999996,121.5525,16207.701388899999,8.3
31.41178,121.5379,16207.7055556,8.5
31.413629999999998,121.5343,16207.7069444,8.2
31.42023,121.5211,16207.7104167,8.6
31.425309999999996,121.5109,16207.713194400001,8.9
31.431409999999996,121.4996,16207.7159722,9.2
31.436840000000004,121.4932,16207.7180556,9.0
31.439529999999998,121.4899,16207.7194444,8.9
31.44858,121.4801,16207.722916699999,8.8
31.455029999999997,121.4716,16207.7256944,8.2
31.4607,121.4649,16207.7284722,7.9
31.469520000000003,121.4487,16207.7333333,8.2
31.47399,121.4393,16207.736111100001,8.2
31.47979,121.4279,16207.739583300001,7.9
31.483859999999996,121.4201,16207.7423611,8.0
31.48841,121.411,16207.7451389,7.5
31.492079999999998,121.4016,16207.7479167,7.1
31.49687,121.3913,16207.7520833,7.1
31.5031,121.3794,16207.75625,7.0
31.507040000000003,121.3715,16207.759027799999,6.9
31.507040000000003,121.3715,16207.7652778,6.9
31.520329999999998,121.3489,16207.767361100001,5.9
38.84635,117.8228,16207.7743056,6.4
38.84865,117.8155,16207.777083300001,6.3
38.85133,117.8091,16207.7791667,6.3
31.520770000000002,121.3174,16207.7826389,4.7
38.86755,117.7758,16207.791666699999,6.6
38.87017,117.7697,16207.79375,6.4
38.87627,117.7519,16207.7993056,6.3
38.88153,117.7326,16207.80625,5.9
38.88562,117.7134,16207.8125,5.9
38.88078,117.7426,16208.308333300001,7.4
38.87427,117.7591,16208.3131944,7.5
38.86817,117.774,16208.318055599999,6.1
38.85972,117.7931,16208.325,6.9
38.850429999999996,117.8259,16208.3361111,6.5
35.27554,119.5416,16208.4930556,5.6
35.26805,119.5539,16208.4986111,5.7
35.26181,119.5673,16208.504166699999,5.5
35.25325,119.5824,16208.5111111,5.5
35.24562,119.5947,16208.5166667,5.6
35.23746,119.6034,16208.5215278,5.8
35.203359999999996,119.6411,16208.5423611,5.5
35.170120000000004,119.6695,16208.5604167,5.3
30.961190000000002,122.5237,16208.6326389,8.5
30.934440000000002,122.5248,16208.6395833,10.1
30.911920000000002,122.5289,16208.647222200001,8.3
30.904709999999998,122.5324,16208.6486111,9.4
30.89746,122.5355,16208.650694400001,9.6
30.89047,122.5382,16208.6534722,8.3
30.883290000000002,122.542,16208.6555556,7.6
30.87642,122.5454,16208.6576389,9.6
30.87025,122.5482,16208.6597222,8.5
30.86395,122.5516,16208.661805599999,8.3
30.8574,122.5544,16208.6638889,9.8
30.85035,122.5569,16208.6659722,9.2
30.843290000000003,122.5592,16208.6680556,9.2
30.833309999999997,122.5617,16208.670138899999,9.2
30.82705,122.5632,16208.6722222,8.7
30.82064,122.5645,16208.6743056,8.1
30.8135,122.5662,16208.6763889,8.1
30.80742,122.5683,16208.678472200001,8.1
30.80377,122.5698,16208.6805556,8.1
30.79092,122.5747,16208.6840278,8.5
30.783479999999997,122.5771,16208.6861111,9.2
30.77625,122.5794,16208.6881944,8.1
30.76987,122.5814,16208.6902778,8.7
30.76241,122.584,16208.6923611,8.5
30.706220000000002,122.6036,16208.7104167,9.8
34.8548,119.802,16208.725,4.7
34.84604,119.8045,16208.7298611,4.5
34.84234,119.8055,16208.7319444,4.5
34.834179999999996,119.8074,16208.736111100001,4.5
34.82902,119.8082,16208.739583300001,4.5
34.81823,119.809,16208.7451389,4.5
34.81443,119.8091,16208.7479167,4.4
34.81002,119.8091,16208.75,4.5
34.804590000000005,119.8088,16208.7527778,4.2
34.8002,119.8087,16208.755555599999,4.4
34.794579999999996,119.8089,16208.759027799999,4.2
34.79025,119.8088,16208.7611111,4.4
34.78711,119.809,16208.763888899999,4.5
34.78028,119.8088,16208.7666667,4.4
34.774029999999996,119.8087,16208.7694444,4.4
34.7708,119.8089,16208.772222200001,4.4
34.7666,119.8093,16208.7743056,4.4
34.760999999999996,119.8101,16208.7777778,4.4
34.75545,119.8112,16208.7805556,4.4
34.75188,119.8119,16208.7826389,4.2
34.74159,119.8128,16208.7895833,3.8
34.73796,119.8114,16208.791666699999,3.8
34.73421,119.8106,16208.79375,3.8
34.73008,119.8113,16208.7965278,3.6
34.6934,119.8231,16208.822916699999,3.6
30.098359999999996,122.588,16208.8715278,11.4
30.05858,122.5804,16208.880555599999,12.0
30.01009,122.5712,16208.8916667,11.7
34.5614,119.8439,16208.902083300001,4.9
34.554970000000004,119.8438,16208.9055556,5.3
34.5507,119.8418,16208.9076389,5.4
34.5448,119.8404,16208.910416699999,5.6
34.53306,119.833,16208.9159722,6.2
29.857490000000002,122.5358,16208.925,11.7
29.84238,122.5318,16208.9277778,12.8
29.82392,122.5268,16208.931944400001,12.1
29.734609999999996,122.4992,16208.9520833,12.8
29.72198,122.492,16208.954861100001,12.9
38.92628,117.8303,16209.415277799999,2.8
38.92658,117.8332,16209.4194444,3.7
38.92552,117.8408,16209.4222222,7.0
38.91758,117.881,16209.431944400001,7.7
27.77385,121.2696,16209.5048611,10.6
27.76748,121.2627,16209.5069444,10.5
27.756009999999996,121.2497,16209.5111111,10.2
27.7233,121.2194,16209.520833300001,10.4
27.71589,121.2105,16209.5236111,10.6
27.704140000000002,121.1938,16209.5284722,10.8
38.89112,118.3046,16209.5319444,9.2
38.89177,118.3129,16209.5340278,9.2
27.674059999999997,121.1543,16209.5388889,11.2
27.65196,121.1257,16209.5465278,10.5
26.99015,120.4484,16209.7576389,10.3
26.97921,120.4412,16209.760416699999,10.7
26.92915,120.4123,16209.7743056,10.1
26.917270000000002,120.4064,16209.7777778,10.3
26.90907,120.4001,16209.7798611,10.1
26.89563,120.3901,16209.7840278,9.9
26.87821,120.37700000000001,16209.7888889,9.8
26.84535,120.35700000000001,16209.798611100001,9.9
26.837359999999997,120.3523,16209.8006944,9.6
26.831870000000002,120.3488,16209.803472200001,9.9
26.816609999999997,120.3395,16209.806944400001,9.9
26.809279999999998,120.3353,16209.8090278,9.9
26.787159999999997,120.3225,16209.8152778,9.9
26.773640000000004,120.3141,16209.8194444,9.6
26.764190000000003,120.30799999999999,16209.8222222,9.8
26.71139,120.2751,16209.8375,9.6
26.62247,120.2199,16209.864583300001,8.9
26.608859999999996,120.2107,16209.86875,8.7
26.60063,120.2058,16209.8722222,9.0
26.574840000000002,120.1896,16209.8798611,8.7
26.5669,120.185,16209.8826389,8.5
26.56107,120.1816,16209.8847222,8.1
26.548709999999996,120.1727,16209.888888899999,8.1
26.544590000000003,120.1694,16209.8909722,7.6
26.54,120.1658,16209.8930556,8.1
26.53327,120.1584,16209.895833300001,8.3
26.527240000000003,120.1514,16209.8979167,7.6
26.51655,120.1373,16209.9034722,8.1
26.501040000000003,120.1222,16209.9097222,8.7
26.49473,120.1166,16209.9125,8.9
26.48762,120.1107,16209.9145833,8.5
26.479359999999996,120.1038,16209.9173611,8.5
26.46779,120.0936,16209.9215278,8.3
26.46217,120.0889,16209.923611100001,8.5
26.456529999999997,120.0841,16209.9256944,8.7
26.44503,120.0737,16209.9298611,8.3
26.438740000000003,120.0676,16209.9326389,8.5
26.43201,120.0613,16209.9354167,8.5
26.425259999999998,120.055,16209.9381944,8.5
26.413909999999998,120.0449,16209.9423611,8.7
26.40764,120.039,16209.9444444,9.2
26.400709999999997,120.0323,16209.9472222,9.0
26.3892,120.0229,16209.9506944,9.0
26.379340000000003,120.0143,16209.9534722,9.0
26.37248,120.0082,16209.95625,9.2
26.36695,120.0034,16209.958333300001,9.4
26.36027,119.9971,16209.9604167,9.2
26.354329999999997,119.9907,16209.9625,9.4
26.348309999999998,119.9862,16209.964583300001,9.0
26.340729999999997,119.9821,16209.9666667,9.6
26.33362,119.9782,16209.96875,9.6
26.32715,119.9749,16209.9722222,9.4
26.3162,119.9689,16209.974305599999,9.4
26.30827,119.9647,16209.9763889,9.4
26.30015,119.961,16209.979166699999,9.0
38.812,118.4265,16210.0604167,4.9
38.8126,118.4213,16210.0625,4.9
38.81912,118.3651,16210.084722200001,4.7
38.8373,118.2085,16210.1465278,5.3
25.66752,119.7348,16210.1513889,11.1
38.83992,118.1155,16210.1798611,5.5
38.85472,117.7987,16210.2798611,6.7
38.85975,117.7913,16210.2833333,6.2
38.86368,117.7862,16210.285416699999,7.5
38.8703,117.7711,16210.290277799999,5.7
38.87148,117.765,16210.2923611,5.9
38.876909999999995,117.7504,16210.2972222,6.1
38.8849,117.7193,16210.3076389,6.1
38.88115,117.7325,16211.025,8.8
38.878479999999996,117.7412,16211.027083300001,8.6
38.87505,117.7527,16211.0305556,8.6
38.86843,117.7706,16211.0340278,8.7
38.86385,117.7845,16211.0381944,8.3
38.8506,117.8192,16211.0465278,8.9
38.8505,117.8319,16211.0493056,8.9
38.85283,117.8673,16211.0576389,8.8
38.87562,118.1563,16211.1201389,9.0
38.88033,118.176,16211.1243056,8.7
38.88268,118.1933,16211.1277778,9.2
38.8957,118.2803,16211.1465278,9.9
38.85902,118.3898,16211.5645833,5.3
38.85073,118.2551,16211.615972200001,5.1
38.84965,118.2401,16211.6215278,5.1
38.84883,118.2298,16211.6263889,5.3
38.84507,117.8639,16211.7729167,5.1
38.8447,117.794,16211.8006944,5.0
38.844570000000004,117.7822,16211.8055556,5.0
38.84475,117.7751,16211.8076389,4.9
38.84695,117.7687,16211.8104167,4.9
38.85655,117.7629,16211.816666699999,4.6
38.86063,117.7599,16211.8194444,4.8
38.87403,117.7574,16211.8256944,5.0
38.87855,117.7487,16211.8305556,4.8
38.88288,117.7305,16211.8604167,4.9
38.87695,117.7516,16211.869444400001,5.0
38.86757,117.7602,16211.879166699999,1.7
38.865429999999996,117.76100000000001,16211.8833333,1.2
33.539590000000004,123.1109,16211.972916699999,0.3
38.86357,117.7624,16212.104166699999,0.1
38.86148,117.7532,16212.1201389,0.4
38.86103,117.7521,16212.4875,0.1
34.47967,119.7921,16213.1451389,5.6
34.484140000000004,119.7964,16213.147222200001,6.0
34.48922,119.8007,16213.15,5.8
34.494659999999996,119.8049,16213.1527778,5.6
34.49869,119.8081,16213.1548611,5.6
34.50458,119.8131,16213.1583333,5.8
34.508790000000005,119.8162,16213.1597222,5.6
34.51335,119.8202,16213.1625,5.8
34.518409999999996,119.8236,16213.1645833,6.0
38.8732,117.7585,16213.2166667,7.3
38.8882,117.7195,16213.2375,0.6
34.76119,119.8108,16213.2506944,8.0
34.77155,119.8099,16213.2534722,8.1
34.80081,119.8076,16213.263888899999,8.0
34.81216,119.8067,16213.2659722,8.0
34.82457,119.8047,16213.2694444,7.9
34.83232,119.803,16213.2729167,8.0
34.84133,119.8015,16213.275,8.1
34.84937,119.8005,16213.2777778,8.1
34.94189,119.7793,16213.3055556,8.3
34.99923,119.7564,16213.3243056,8.4
35.03635,119.7454,16213.3354167,8.4
35.18046,119.6542,16213.384027799999,8.3
32.423840000000006,122.1046,16213.5388889,8.5
32.42156,122.1035,16213.5409722,8.5
32.41489,122.1002,16213.54375,8.5
32.39666,122.0866,16213.5472222,8.5
35.275420000000004,119.5456,16213.9256944,4.0
35.26493,119.5599,16213.9354167,4.3
35.2479,119.5973,16213.95625,3.8
35.2457,119.6004,16213.9590278,4.1
35.24342,119.6033,16213.9611111,3.8
35.236990000000006,119.6098,16213.9659722,3.9
35.23151,119.6158,16213.9722222,3.9
35.1574,119.6927,16214.036805599999,3.7
35.15328,119.6967,16214.040277799999,3.6
35.14812,119.7009,16214.0444444,3.7
35.11889,119.7206,16214.06875,3.3
34.936009999999996,119.7792,16214.213194400001,3.6
34.88803,119.7883,16214.245833300001,3.8
34.86809,119.7933,16214.2583333,4.0
34.85307,119.7948,16214.2680556,4.2
34.8433,119.7961,16214.275694400001,4.0
34.83526,119.7971,16214.2791667,4.0
34.80725,119.8035,16214.2958333,4.2
34.79545,119.8082,16214.303472200001,4.2
34.77479,119.8165,16214.316666699999,4.0
34.76596,119.8185,16214.3222222,4.0
34.747040000000005,119.8231,16214.333333300001,4.4
38.88868,117.7193,16214.5,0.1
38.88115,117.7323,16214.510416699999,7.8
38.876979999999996,117.7481,16214.5152778,7.8
38.87285,117.758,16214.517361100001,8.0
38.86877,117.76899999999999,16214.520833300001,7.1
38.86312,117.7838,16214.525694400001,6.5
38.84938,117.8343,16214.5444444,5.1
38.85202,117.8418,16214.5472222,5.8
38.9077,117.9022,16214.5756944,7.7
38.91172,117.8938,16214.5777778,7.8
38.9149,117.8837,16214.5805556,7.6
38.91873,117.87100000000001,16214.5840278,7.0
38.92538,117.8555,16214.589583300001,6.1
38.927170000000004,117.8486,16214.5916667,5.1
38.92848,117.8425,16214.5951389,2.7
38.92955,117.833,16214.6020833,3.3
38.93042,117.8275,16214.6048611,2.9
38.92908,117.8239,16214.607638899999,3.4
34.55915,119.8469,16214.7388889,5.1
34.54572,119.844,16214.745833300001,4.5
34.5419,119.8417,16214.7479167,4.4
34.53991,119.8389,16214.75,4.2
34.53645,119.836,16214.7520833,4.2
34.53391,119.8342,16214.754166699999,4.2
34.529990000000005,119.8312,16214.7569444,4.2
34.52409,119.8261,16214.7611111,4.5
34.52046,119.8229,16214.763888899999,4.5
34.51266,119.8161,16214.7694444,4.7
34.50826,119.8139,16214.7715278,4.7
34.50308,119.8102,16214.7743056,4.7
34.49781,119.807,16214.777083300001,5.6
34.49295,119.8031,16214.7791667,5.8
34.4885,119.8003,16214.7819444,6.0
34.481,119.7937,16214.7861111,6.2
38.92583,117.8232,16215.2798611,3.2
38.92311,117.8227,16215.2819444,0.9
30.89974,122.2379,16216.173611100001,6.3
30.84522,122.2993,16216.204861100001,6.5
30.834509999999998,122.3076,16216.2076389,6.5
30.82569,122.3127,16216.2104167,6.0
30.78175,122.3175,16216.2305556,7.8
30.765359999999998,122.3354,16216.2375,8.1
30.73208,122.3593,16216.25,7.4
31.775170000000003,120.9899,16216.3159722,7.4
36.84608,122.4681,16216.3354167,9.8
36.86269,122.4685,16216.3388889,9.3
36.8798,122.4604,16216.3444444,8.7
36.89463,122.4448,16216.3506944,7.6
36.88839,122.4325,16216.35625,5.4
30.65607,122.4327,16216.5298611,7.4
30.66197,122.4131,16216.536805599999,7.2
30.67673,122.3959,16216.54375,7.4
30.693440000000002,122.3849,16216.5493056,7.4
30.704490000000003,122.3793,16216.5541667,7.6
30.71227,122.3758,16216.55625,5.1
31.51685,121.352,16216.683333300001,5.8
31.474290000000003,121.4365,16216.7159722,6.2
31.46957,121.4428,16216.71875,6.6
31.445109999999996,121.4695,16216.7305556,7.4
31.42952,121.4927,16216.7388889,7.7
31.410840000000004,121.5282,16216.75,8.1
31.402790000000003,121.5444,16216.7548611,7.9
31.39657,121.5588,16216.7597222,8.2
34.48342,119.7953,16216.8979167,7.6
34.48722,119.79799999999999,16216.8993056,8.0
34.49297,119.8027,16216.902083300001,8.3
34.49863,119.8081,16216.9041667,8.5
34.50442,119.8127,16216.90625,8.5
34.51397,119.8192,16216.9090278,8.7
34.519940000000005,119.824,16216.9111111,8.7
34.529309999999995,119.8313,16216.9145833,9.0
34.53942,119.8375,16216.9173611,9.0
34.55373,119.8443,16216.9222222,7.4
34.56194,119.8427,16216.925,7.4
34.5734,119.84200000000001,16216.928472200001,7.4
34.59682,119.8413,16216.9368056,7.2
34.609390000000005,119.8393,16216.9409722,6.7
34.609390000000005,119.8393,16216.9506944,0.0
38.929320000000004,117.8325,16216.9611111,6.5
34.67953,119.8243,16216.9659722,7.4
34.69155,119.8226,16216.9701389,7.2
38.91085,117.9246,16216.9840278,8.6
34.74453,119.8156,16216.9888889,6.9
34.75148,119.8141,16216.9916667,7.2
34.75945,119.8123,16216.994444400001,7.1
38.89345,118.0082,16217.0027778,8.9
38.88023,118.0699,16217.0166667,8.9
38.8764,118.1544,16217.036805599999,8.1
38.87683,118.1654,16217.0395833,8.1
38.87713,118.1747,16217.0423611,8.1
38.87638,118.1835,16217.0444444,8.0
38.87577,118.1999,16217.048611100001,7.8
38.87563,118.2087,16217.0506944,7.8
38.87573,118.2211,16217.053472200001,7.6
38.87643,118.2337,16217.056944400001,7.6
38.8767,118.2459,16217.0597222,7.6
38.87648,118.2554,16217.0625,7.4
38.87608,118.266,16217.0652778,7.4
38.875820000000004,118.2739,16217.0673611,7.4
38.87523,118.2831,16217.0694444,7.4
38.87538,118.2937,16217.0722222,7.4
38.87535,118.3029,16217.075,7.2
38.8751,118.3106,16217.0770833,7.2
38.87437,118.322,16217.0805556,6.9
38.87395,118.3281,16217.0826389,6.9
38.87345,118.3368,16217.084722200001,6.9
35.24034,119.5963,16217.1659722,7.8
35.24523,119.5884,16217.16875,7.4
35.26189,119.5637,16217.177083300001,7.9
35.28622,119.5241,16217.1895833,8.7
31.28612,121.7419,16217.5423611,6.9
27.792759999999998,121.1601,16217.5465278,9.4
27.79735,121.17200000000001,16217.55,9.2
31.33717,121.684,16217.5652778,7.8
31.372490000000003,121.6195,16217.5854167,7.8
31.385209999999997,121.5857,16217.5951389,8.1
31.38655,121.5731,16217.5986111,8.2
31.39303,121.5381,16217.607638899999,8.0
31.39495,121.5283,16217.6104167,6.7
31.39495,121.5199,16217.6131944,6.4
31.392740000000003,121.512,16217.615972200001,6.5
31.38598,121.5035,16217.6201389,6.6
31.37225,121.4981,16217.625,7.6
31.361259999999998,121.5005,16217.6284722,7.8
31.35492,121.5076,16217.63125,7.8
38.86193,118.2999,16217.6402778,7.2
38.86112,118.2922,16217.6416667,7.2
31.335559999999997,121.5525,16217.6451389,7.5
31.33114,121.5557,16217.647222200001,7.4
31.32112,121.5582,16217.650694400001,7.6
31.3098,121.5574,16217.6548611,6.6
38.853629999999995,118.0961,16217.6951389,6.9
38.8472,117.9613,16217.7340278,6.5
38.88367,117.7289,16217.8208333,5.5
31.31325,121.5559,16218.03125,6.7
31.33885,121.5469,16218.040277799999,8.1
31.3423,121.5367,16218.0430556,8.5
31.34595,121.5227,16218.0465278,6.9
31.35085,121.5128,16218.0618056,6.5
31.35387,121.5073,16218.0645833,3.0
31.3669,121.4971,16218.075,7.0
31.37564,121.4994,16218.0777778,7.3
31.39215,121.5157,16218.0861111,7.0
31.393859999999997,121.5225,16218.0888889,7.4
31.3928,121.5357,16218.0930556,6.6
31.386059999999997,121.5656,16218.1048611,5.8
31.37313,121.5984,16218.11875,5.0
31.366120000000002,121.613,16218.1256944,5.5
31.36158,121.6226,16218.1298611,5.3
31.34715,121.6479,16218.1416667,5.3
31.32088,121.6918,16218.1631944,5.3
31.255470000000003,121.7617,16218.2,6.0
31.25067,121.7674,16218.2027778,6.3
38.87697,117.7518,16218.4013889,8.6
38.8603,117.7931,16218.411805599999,9.7
38.85125,117.8484,16218.423611100001,9.5
38.8785,118.2545,16218.5076389,9.4
38.87892,118.2679,16218.5097222,9.6
30.67898,122.3935,16218.629166699999,6.7
30.69153,122.3872,16218.634027799999,6.9
30.6988,122.3842,16218.6368056,6.9
30.6988,122.3842,16218.6395833,6.9
30.72097,122.3744,16218.6451389,6.5
30.72755,122.3721,16218.6479167,5.8
30.7354,122.3702,16218.6513889,5.4
30.745720000000002,122.3712,16218.65625,5.4
30.983620000000002,122.6624,16218.86875,5.1
30.940959999999997,122.646,16218.8902778,5.1
30.917959999999997,122.6372,16218.9027778,4.7
30.89215,122.6214,16218.91875,4.9
30.87043,122.5974,16218.9340278,5.1
30.85193,122.2827,16219.0159722,5.6
30.85545,122.2802,16219.0180556,6.0
38.81745,118.3545,16219.040277799999,4.9
38.81885,118.345,16219.0444444,4.9
38.81995,118.3352,16219.0479167,5.1
38.82028,118.3288,16219.0506944,5.1
38.82093,118.3187,16219.0548611,5.1
35.22272,119.6208,16219.0597222,5.7
38.822179999999996,118.2911,16219.0652778,5.3
35.08903,119.7207,16219.1319444,5.3
35.08378,119.7234,16219.1347222,5.2
35.070170000000005,119.7314,16219.142361100001,5.3
38.85423,117.9594,16219.1673611,7.0
38.8532,117.8988,16219.1847222,7.0
38.8518,117.8737,16219.191666699999,6.8
38.84975,117.8194,16219.2069444,7.1
38.85122,117.8121,16219.2090278,6.9
38.85522,117.801,16219.2125,6.7
38.8585,117.7952,16219.214583300001,6.7
38.86245,117.7885,16219.2173611,6.9
38.86377,117.7726,16219.222916699999,4.0
38.86225,117.7668,16219.2263889,2.1
38.86207,117.7646,16219.229166699999,2.0
38.86218,117.7608,16219.2319444,2.0
38.86205,117.7582,16219.2347222,1.8
34.8622,119.7939,16219.2451389,5.4
38.861059999999995,117.7523,16219.2493056,0.1
34.80353,119.8065,16219.2736111,5.4
34.79746,119.8068,16219.2763889,5.4
34.78864,119.8083,16219.2805556,5.3
34.78423,119.8094,16219.2826389,5.4
34.73271,119.8159,16219.3097222,4.5
38.86112,117.75200000000001,16219.3222222,0.0
34.58189,119.8423,16219.3798611,6.5
34.56129,119.8434,16219.3875,6.7
34.53808,119.8362,16219.397222200001,5.8
30.05218,122.5649,16219.4013889,5.4
34.52129,119.8237,16219.4055556,6.0
34.51547,119.8193,16219.4083333,6.2
34.51012,119.8154,16219.410416699999,6.3
34.504220000000004,119.8108,16219.4131944,6.3
34.497859999999996,119.8062,16219.4159722,6.7
29.687479999999997,122.4329,16219.6215278,2.8
31.355190000000004,121.6585,16219.6569444,8.4
31.35855,121.6516,16219.6590278,8.0
31.36195,121.6447,16219.661805599999,8.0
31.39527,121.5197,16219.7006944,6.7
31.393890000000003,121.5157,16219.7020833,6.5
31.38679,121.5042,16219.7076389,6.2
31.34305,121.5373,16219.73125,6.0
31.339029999999998,121.5479,16219.7354167,5.4
38.86098,117.75200000000001,16219.9652778,0.5
38.860820000000004,117.7525,16219.9673611,0.7
38.8607,117.7529,16219.9694444,1.1
38.86353,117.7575,16219.9736111,6.0
38.8637,117.7659,16219.9763889,6.9
38.85295,117.8086,16219.9875,8.4
38.85132,117.8187,16219.9902778,8.3
38.85138,117.8323,16219.99375,8.5
38.85025,117.8427,16219.995833300001,8.6
38.862120000000004,117.9803,16220.0277778,8.7
38.863820000000004,117.991,16220.0298611,8.8
38.86435,118.0034,16220.0326389,8.7
38.864470000000004,118.0143,16220.035416699999,8.8
38.86425,118.0251,16220.0375,8.8
38.86422,118.0344,16220.0395833,8.8
38.86358,118.0517,16220.04375,8.7
38.86375,118.0609,16220.0458333,8.7
38.8641,118.0699,16220.0479167,8.6
38.86528,118.0896,16220.052083300001,8.5
38.87643,118.16,16220.0694444,8.2
38.881170000000004,118.1667,16220.071527799999,8.1
38.88443,118.1723,16220.0743056,7.8
38.88398,118.1906,16220.0777778,8.2
38.88402,118.1993,16220.0805556,8.1
38.884370000000004,118.2094,16220.083333300001,8.1
31.3192,121.5569,16220.2340278,3.3
33.14781,120.8728,16220.3270833,8.7
33.153490000000005,120.8657,16220.329861100001,7.8
33.18025,120.852,16220.3416667,5.4
33.191559999999996,120.854,16220.354166699999,5.8
33.184490000000004,120.8553,16220.3569444,6.5
33.17985,120.8573,16220.3590278,5.4
33.16957,120.8581,16220.3631944,6.5
33.17881,120.8565,16220.3673611,6.7
33.18843,120.8571,16220.3715278,8.3
33.21265,120.8312,16220.385416699999,4.0
33.2121,120.8282,16220.3875,2.0
31.775779999999997,120.9921,16220.3930556,6.5
31.77447,121.0009,16220.395833300001,7.2
31.772679999999998,121.0102,16220.3986111,7.2
33.21179,120.8264,16220.4055556,0.0
33.2134,120.8363,16220.420138899999,5.8
33.21257,120.8413,16220.4222222,1.3
33.21252,120.8413,16220.427083300001,0.0
31.71687,121.119,16220.4361111,7.6
31.693459999999998,121.1505,16220.4472222,7.8
31.686329999999998,121.1639,16220.451388899999,8.1
31.681540000000002,121.1746,16220.454861100001,8.3
31.631829999999997,121.2433,16220.477777799999,2.9
31.62645,121.25,16220.4798611,6.3
33.2125,120.8413,16220.517361100001,0.0
33.212379999999996,120.8413,16220.5340278,0.0
33.21225,120.8413,16220.5506944,0.0
33.21209,120.8413,16220.5673611,0.0
33.211859999999994,120.8414,16220.60625,0.0
38.83502,118.3666,16220.7319444,7.7
38.83465,118.3602,16220.7340278,7.6
38.83413,118.3505,16220.736111100001,7.6
38.83365,118.3423,16220.7381944,7.7
38.83327,118.334,16220.7402778,7.6
38.83252,118.3221,16220.74375,7.5
38.83208,118.3141,16220.745833300001,7.5
38.83195,118.3034,16220.7479167,7.6
38.83202,118.2993,16220.7493056,7.6
38.83204,118.2966,16220.7506944,7.6
38.832,118.2817,16220.7534722,7.5
38.83182,118.2724,16220.75625,7.5
38.83207,118.2643,16220.7583333,7.5
38.83238,118.2551,16220.7611111,7.4
38.83225,118.2471,16220.7631944,7.4
38.83123,118.2353,16220.7659722,7.4
38.83064,118.2251,16220.76875,7.1
38.83043,118.2176,16220.770833300001,6.9
38.82995,118.2017,16220.775694400001,6.7
38.83076,118.1932,16220.7777778,6.7
38.83344,118.1794,16220.7819444,6.7
38.83678,118.1642,16220.786805599999,6.8
38.83838,118.1536,16220.7895833,6.7
38.84565,118.0005,16220.8368056,6.2
38.8445,117.9928,16220.839583300001,6.2
38.84373,117.9841,16220.8423611,6.1
38.84369,117.9773,16220.8444444,6.1
38.8436,117.9641,16220.8486111,6.1
38.84347,117.9531,16220.8520833,6.1
38.84335,117.9466,16220.854166699999,6.0
38.8433,117.9399,16220.85625,6.0
38.8432,117.9334,16220.8583333,6.0
38.8431,117.9259,16220.861111100001,5.9
38.84295,117.9143,16220.864583300001,5.9
38.8429,117.9069,16220.8673611,5.9
38.84303,117.8984,16220.8701389,5.8
38.84303,117.89200000000001,16220.8722222,5.8
38.84308,117.8857,16220.8743056,5.7
38.84318,117.8785,16220.8763889,5.7
38.843379999999996,117.8724,16220.8784722,5.7
38.843270000000004,117.8663,16220.880555599999,5.7
38.84325,117.8603,16220.8826389,5.6
38.84335,117.854,16220.8847222,5.7
38.84332,117.8487,16220.8881944,5.7
38.84445,117.8378,16220.8902778,5.5
38.84602,117.8322,16220.892361100001,5.6
38.8478,117.8255,16220.8951389,5.5
38.84933,117.8199,16220.897222200001,5.5
38.85123,117.8146,16220.8993056,5.4
38.85355,117.8096,16220.9013889,5.4
38.85538,117.8053,16220.9034722,3.8
38.85693,117.8019,16220.9055556,3.8
38.85972,117.7967,16220.9083333,4.5
38.86197,117.7909,16220.9111111,3.4
38.86612,117.7757,16220.91875,5.2
38.86763,117.7702,16220.9208333,5.6
38.869170000000004,117.7656,16220.9229167,5.8
38.87442,117.7545,16220.9263889,6.0
38.8766,117.7493,16220.928472200001,6.0
38.88007,117.7398,16220.931944400001,6.2
38.88203,117.7337,16220.9340278,6.2
38.884029999999996,117.7263,16220.9361111,6.3
31.674640000000004,121.185,16220.9659722,8.1
31.6671,121.1944,16220.9694444,7.8
31.661070000000002,121.2025,16220.9722222,7.8
31.652929999999998,121.2137,16220.9756944,7.6
31.62303,121.25299999999999,16220.9902778,7.8
31.61927,121.2581,16220.9923611,8.1
31.58527,121.29299999999999,16221.005555599999,7.8
31.577690000000004,121.2996,16221.009027799999,7.8
31.561009999999996,121.311,16221.0152778,7.4
31.55415,121.3178,16221.0180556,7.6
31.54658,121.3253,16221.020833300001,8.5
34.486779999999996,119.79899999999999,16221.0722222,8.1
34.53536,119.8351,16221.089583300001,8.7
34.545390000000005,119.8401,16221.0923611,8.5
34.55961,119.8369,16221.0972222,7.6
34.57587,119.8329,16221.1020833,8.0
34.634840000000004,119.8251,16221.1215278,7.8
31.3576,121.5085,16221.125,0.0
34.6924,119.8166,16221.1395833,8.0
31.341990000000003,121.5352,16221.145833300001,5.3
31.34007,121.5406,16221.1479167,5.4
31.33825,121.5461,16221.15,5.3
31.33335,121.5524,16221.1541667,5.7
34.76197,119.8097,16221.1597222,8.5
34.784659999999995,119.8063,16221.166666699999,8.7
34.79684,119.8059,16221.170138899999,0.0
31.255390000000002,121.5364,16221.1909722,6.5
38.88447,117.7192,16221.2548611,7.2
38.88262,117.7264,16221.2569444,7.2
38.88022,117.7363,16221.2597222,7.2
38.87802,117.7435,16221.2618056,7.2
38.87527,117.7545,16221.2652778,7.2
38.86868,117.7667,16221.2694444,6.8
38.8657,117.7752,16221.272222200001,6.4
38.863820000000004,117.7828,16221.2743056,5.9
38.86187,117.7887,16221.2763889,6.1
38.85818,117.7959,16221.2791667,7.4
38.8559,117.8054,16221.2819444,6.9
38.85288,117.8131,16221.2840278,6.8
38.84977,117.8208,16221.2875,6.6
38.9111,117.8989,16221.3201389,8.8
33.21164,120.8261,16221.4923611,0.0
33.21235,120.8299,16221.4965278,5.1
33.21297,120.8335,16221.4986111,3.3
26.91393,120.4042,16221.7104167,7.4
26.90488,120.3965,16221.713194400001,7.8
26.89953,120.3924,16221.7159722,8.0
26.88755,120.3831,16221.7201389,7.2
26.87916,120.3762,16221.7236111,7.6
26.8689,120.3677,16221.7284722,7.2
26.85629,120.3573,16221.7333333,6.9
26.850070000000002,120.3522,16221.736111100001,6.9
26.84495,120.3482,16221.7381944,6.7
26.840090000000004,120.3441,16221.740972200001,6.7
26.83447,120.3387,16221.7430556,6.9
26.831120000000002,120.3364,16221.7451389,7.1
26.82418,120.3314,16221.7472222,7.1
26.81805,120.3266,16221.75,6.7
26.814040000000002,120.3223,16221.7520833,7.1
26.80777,120.3169,16221.7548611,7.2
26.79839,120.3088,16221.759027799999,7.2
26.7936,120.3042,16221.7625,7.2
26.784209999999998,120.2968,16221.7659722,6.9
26.7743,120.2885,16221.7694444,6.9
26.76578,120.2835,16221.7729167,7.1
26.75883,120.2783,16221.775694400001,7.1
26.75409,120.2745,16221.7777778,7.2
26.745109999999997,120.2667,16221.7819444,6.9
26.73868,120.262,16221.7847222,6.7
26.72063,120.2497,16221.7923611,6.5
26.70375,120.2416,16221.8,6.5
26.611720000000002,120.1213,16221.8715278,4.9
26.61846,120.1163,16221.9472222,0.4
26.618370000000002,120.1162,16221.963194400001,0.4
26.61836,120.1161,16221.9666667,1.3
26.618309999999997,120.1161,16221.9694444,0.4
