lat,long,time,speed
23.74194,117.5292,16196.9361111,7.4
23.70121,117.5664,16203.7819444,8.7
23.733729999999998,117.5387,16203.79375,7.2
