lat,long,time,speed
31.590940000000003,121.2592,16205.630555599999,3.6
31.59685,121.2665,16205.634027799999,6.0
31.59886,121.2702,16205.6361111,6.0
31.59785,121.2678,16205.6402778,2.6
31.6021,121.2737,16205.642361100001,7.1
31.61474,121.2679,16205.6444444,6.2
31.620409999999996,121.2652,16205.647222200001,6.2
31.63024,121.2586,16205.652083300001,7.2
31.64033,121.2466,16205.6548611,7.2
31.645909999999997,121.2387,16205.6590278,7.1
31.646390000000004,121.238,16205.6611111,7.2
31.65403,121.2248,16205.6638889,7.2
31.6503,121.2317,16205.6659722,7.3
31.661640000000002,121.2154,16205.6680556,7.6
31.665359999999996,121.2109,16205.6722222,7.6
31.674229999999998,121.1996,16205.6756944,8.1
31.6857,121.1813,16205.6791667,8.3
31.707240000000002,121.1445,16205.6895833,8.9
31.7183,121.1309,16205.6944444,8.7
31.72243,121.1266,16205.697916699999,8.7
31.73831,121.1114,16205.7034722,8.7
31.754920000000002,121.0903,16205.708333300001,9.0
31.758940000000003,121.0848,16205.7111111,8.7
31.764290000000003,121.0754,16205.713194400001,8.5
31.767570000000003,121.0687,16205.7180556,8.5
31.772740000000002,121.0555,16205.7222222,8.5
31.775209999999998,121.0483,16205.724305599999,8.5
31.779190000000003,121.0289,16205.7263889,8.5
31.780479999999997,121.0212,16205.729166699999,8.5
31.78073,121.0156,16205.73125,8.5
31.781709999999997,120.9969,16205.7340278,9.0
31.782529999999998,120.9902,16205.7368056,7.8
31.785320000000002,120.9737,16205.739583300001,8.7
31.78623,120.9696,16205.7416667,9.0
31.786579999999997,120.9645,16205.74375,8.7
31.79203,120.9529,16205.7465278,9.0
32.19301,119.6096,16207.0631944,5.6
32.192479999999996,119.6038,16207.0652778,5.7
32.19272,119.5953,16207.06875,5.5
32.19125,119.5787,16207.072916699999,5.5
32.19303,119.5715,16207.075,5.5
32.20042,119.5566,16207.0819444,6.0
