lat,long,time,speed
36.62407,123.0384,16191.0013889,10.5
36.61558,123.0432,16191.0027778,10.7
36.60796,123.0481,16191.005555599999,10.8
36.59882,123.0545,16191.0076389,10.8
36.59146,123.0599,16191.0097222,10.8
36.58305,123.066,16191.0118056,11.0
36.57439,123.0723,16191.013888899999,10.8
36.56127,123.0818,16191.017361100001,10.8
36.55382,123.0872,16191.0194444,11.0
36.544470000000004,123.0938,16191.0215278,11.0
36.534279999999995,123.1009,16191.0243056,11.0
36.52491,123.1074,16191.027083300001,11.0
36.517309999999995,123.1127,16191.0291667,11.0
36.50978,123.118,16191.03125,11.0
36.49998,123.1247,16191.0333333,11.0
36.49317,123.1294,16191.0361111,11.0
36.47938,123.1388,16191.0381944,11.0
36.428509999999996,123.1748,16191.0513889,11.2
36.41847,123.1814,16191.0541667,11.2
36.40661,123.1892,16191.0576389,11.2
36.39647,123.1958,16191.0604167,11.2
36.3831,123.2045,16191.0631944,11.2
36.347770000000004,123.2274,16191.072916699999,11.2
34.02036,127.8909,16192.239583300001,11.8
34.05977,127.9959,16192.2597222,12.3
34.06406,128.0087,16192.2618056,12.3
34.20117,128.4311,16192.3402778,11.7
34.35344,128.861,16192.4263889,10.6
34.36287,128.8968,16192.4340278,10.2
37.776579999999996,132.8651,16193.517361100001,10.7
39.66088,135.1059,16194.0548611,12.6
39.7488,135.2132,16194.0805556,11.0
41.083690000000004,136.8354,16194.4951389,10.8
41.64608,137.5298,16194.666666699999,11.3
43.17142,138.132,16195.0319444,11.5
43.45456,138.1757,16195.09375,11.4
43.62597,138.2429,16195.1590278,0.9
43.63496,138.2435,16195.18125,1.2
45.46452,140.0008,16195.9451389,12.7
46.00124,140.5379,16196.0736111,12.7
46.24759,140.8244,16196.1347222,13.0
45.71213,143.2522,16196.5111111,14.3
45.1006,145.9566,16196.9125,0.8
45.10071,145.9568,16196.9131944,0.7
45.10093,145.9571,16196.9145833,0.666666666667
45.12964,145.9529,16196.9805556,1.2
45.13028,145.953,16196.98125,1.2
45.13063,145.953,16196.9819444,1.2
45.1618,145.9569,16197.0479167,1.3
45.162209999999995,145.9571,16197.048611100001,1.3
45.190290000000005,145.9778,16197.1152778,1.1
45.19089,145.9786,16197.1173611,1.0
45.21822,146.0296,16197.4881944,0.3
45.22463,146.0359,16197.5513889,0.4
45.22645,146.0373,16197.5631944,0.5
45.23808,146.0488,16197.638888899999,0.4
45.23644,146.1673,16198.0298611,0.6
45.230709999999995,146.1815,16198.08125,0.7
45.22525,146.1985,16198.147222200001,0.4
45.225190000000005,146.1988,16198.1479167,0.5
45.225120000000004,146.1991,16198.1493056,0.5
45.22507,146.1992,16198.15,0.5
45.224959999999996,146.1997,16198.1513889,0.5
45.20324,146.2567,16198.8465278,0.8
45.203070000000004,146.2563,16198.8472222,0.9
45.18675,146.138,16199.0458333,1.3
45.20467,146.0758,16199.1298611,1.4
45.243759999999995,145.8695,16199.50625,1.0
45.011590000000005,146.1208,16199.620833300001,10.3
44.01849,145.8428,16200.0125,0.1
44.01875,145.8427,16200.0444444,0.1
44.019,145.8429,16201.0215278,0.1
44.019079999999995,145.8429,16201.1131944,0.0
44.01918,145.843,16201.115972200001,0.3
44.01923,145.8432,16201.1173611,0.2
44.01867,145.8432,16202.0597222,0.0
44.01865,145.8432,16202.0826389,0.0
44.01865,145.8432,16202.083333300001,0.1
44.01866,145.8432,16202.0840278,0.1
44.01865,145.8429,16202.5020833,0.0
44.01859,145.8429,16202.51875,0.0
44.01875,145.843,16202.8472222,0.0
44.019290000000005,145.8434,16202.9798611,0.1
44.01938,145.8432,16203.040277799999,0.2
44.34275,146.6763,16204.425,11.6
44.47422,146.7511,16204.45625,12.1
44.95984,147.1592,16204.5756944,11.0
45.572559999999996,148.0676,16204.98125,11.2
45.73595,148.5057,16205.0555556,11.4
45.88051,148.8653,16205.11875,11.4
46.5589,150.5388,16205.4159722,11.7
