lat,long,time,speed
38.48843,121.2995,16195.173611100001,1.5
38.4881,121.29299999999999,16195.181944400001,1.5
38.48792,121.2693,16195.204861100001,2.2
38.488040000000005,121.2654,16195.208333300001,2.4
38.48805,121.26100000000001,16195.2118056,2.0
38.48808,121.2566,16195.2152778,2.2
38.4882,121.2516,16195.2201389,2.2
38.48834,121.2453,16195.225,2.2
38.48792,121.2356,16195.232638899999,2.4
38.487190000000005,121.2221,16195.24375,2.6
38.48686,121.2143,16195.25,2.2
38.48384,121.2123,16195.28125,4.5
38.48328,121.1937,16195.291666699999,2.7
38.48304,121.1847,16195.2972222,2.6
38.48303,121.1818,16195.3,2.9
38.48303,121.1794,16195.302083300001,2.9
38.48297,121.1752,16195.3041667,2.4
38.48292,121.1729,16195.30625,2.7
38.482859999999995,121.15899999999999,16195.316666699999,2.4
38.482890000000005,121.1526,16195.321527799999,2.9
38.483000000000004,121.1497,16195.3243056,2.4
38.48341,121.1446,16195.3270833,2.6
38.48372,121.1413,16195.329861100001,2.2
38.48438,121.1173,16195.347916699999,2.7
38.48567,121.0958,16195.3631944,2.7
38.48587,121.0927,16195.365972200001,2.2
38.48608,121.0871,16195.3715278,3.1
38.48679,121.0817,16195.3743056,2.4
38.48887,121.0747,16195.380555599999,2.2
38.49035,121.0709,16195.3833333,2.4
38.4918,121.06700000000001,16195.3902778,2.2
38.495020000000004,121.0597,16195.3944444,2.0
38.495540000000005,121.0587,16195.3965278,2.4
38.50062,121.0491,16195.4055556,2.2
38.50136,121.0478,16195.4076389,2.2
38.50459,121.0414,16195.427083300001,1.3
38.48595,121.0212,16195.4576389,1.5
38.48405,121.0284,16195.4618056,1.5
38.48404,121.03,16195.4659722,1.1
38.483959999999996,121.0372,16195.475,1.5
38.483779999999996,121.0458,16195.4833333,1.5
38.48384,121.0493,16195.4888889,1.8
38.4839,121.0521,16195.490972200001,1.7
38.483909999999995,121.0539,16195.4930556,1.7
38.48409,121.0597,16195.5006944,1.5
38.4841,121.0742,16195.5159722,2.0
38.484120000000004,121.2214,16195.6645833,2.0
38.48514,121.2837,16195.745833300001,0.6
38.48536,121.2842,16195.7493056,0.6
38.48643,121.2792,16195.7583333,2.2
38.485890000000005,121.265,16195.772222200001,1.8
38.48575,121.2553,16195.7826389,1.7
38.48642,121.2037,16195.833333300001,1.5
38.48709,121.1921,16195.8458333,1.5
38.48755,121.1881,16195.849305599999,1.8
38.48764,121.1861,16195.8534722,1.7
38.48753,121.1626,16195.8777778,2.0
38.48775,121.1576,16195.8819444,1.8
38.48815,121.1507,16195.89375,0.6
38.49055,121.1531,16195.9083333,0.4
38.48267,121.1763,16195.9493056,1.3
38.48366,121.1539,16195.9798611,1.3
38.48363,121.1525,16195.982638899999,1.5
38.48377,121.1472,16195.989583300001,1.5
38.48385,121.145,16195.9930556,0.9
38.4842,121.1403,16195.9993056,1.3
38.48438,121.1367,16196.0097222,1.5
38.48471,121.1326,16196.0131944,1.8
38.48503,121.1276,16196.0180556,1.3
38.48513,121.1258,16196.020833300001,1.3
38.485170000000004,121.1231,16196.025694400001,1.3
38.48518,121.12100000000001,16196.0291667,1.3
38.48514,121.1202,16196.03125,1.3
38.48534,121.1184,16196.0333333,1.1
38.4854,121.1149,16196.0388889,1.1
38.48543,121.1133,16196.041666699999,0.9
38.48545,121.1119,16196.0444444,1.1
38.48604,121.1113,16196.0472222,1.5
38.48519,121.1141,16196.0506944,2.2
38.484809999999996,121.1177,16196.056944400001,0.6
38.48503,121.1186,16196.0611111,0.8
38.48522,121.1199,16196.0638889,0.6
38.482890000000005,121.1492,16196.0756944,1.1
38.48279,121.1434,16196.0784722,1.3
38.48285,121.1388,16196.084722200001,1.5
38.48298,121.1364,16196.088194400001,1.3
38.48308,121.1348,16196.0909722,1.3
38.48323,121.1311,16196.0958333,1.1
38.48323,121.1307,16196.097916699999,1.1
38.48335,121.1282,16196.1006944,2.2
38.48338,121.1267,16196.102777799999,1.3
38.48343,121.1249,16196.1069444,1.1
38.48357,121.12200000000001,16196.1104167,1.3
38.4835,121.12100000000001,16196.1125,1.3
38.48357,121.1194,16196.114583300001,1.8
38.48363,121.1162,16196.11875,1.3
38.48363,121.1107,16196.1263889,2.0
38.483540000000005,121.1078,16196.1298611,2.0
38.48356,121.1042,16196.1347222,1.5
38.48355,121.1031,16196.1368056,1.8
38.4836,121.1002,16196.1395833,1.5
38.4836,121.0991,16196.1416667,1.7
38.483670000000004,121.0963,16196.1451389,2.0
38.48389,121.0929,16196.1486111,2.2
38.48397,121.0915,16196.150694400001,2.0
38.484120000000004,121.0896,16196.1534722,1.1
38.48467,121.0827,16196.1625,1.5
38.484970000000004,121.0813,16196.1645833,1.5
38.48956,121.0748,16196.173611100001,2.7
38.49127,121.0746,16196.177083300001,1.3
38.489309999999996,121.07700000000001,16196.1868056,0.4
38.49133,121.0772,16196.1944444,1.7
38.6586,121.2216,16196.25625,8.3
38.51449,121.3158,16199.2208333,1.5
38.52098,121.3438,16199.4347222,2.0
38.52045,121.3333,16199.451388899999,3.1
38.52006,121.3165,16199.458333300001,9.6
38.512679999999996,121.3593,16199.8743056,1.8
38.51267,121.35600000000001,16199.8770833,2.0
38.512890000000006,121.348,16199.8847222,1.8
38.51278,121.3457,16199.8895833,1.8
38.512440000000005,121.3406,16199.892361100001,1.7
38.51247,121.339,16199.895833300001,1.8
38.51259,121.3346,16199.8993056,1.8
38.51291,121.3269,16199.9069444,2.2
38.51303,121.3212,16199.9138889,1.8
38.51303,121.3105,16199.9222222,2.2
38.51297,121.3083,16199.925,2.0
38.51291,121.3008,16199.933333300001,1.8
38.513059999999996,121.2974,16199.9368056,2.2
38.51317,121.2933,16199.9402778,2.2
38.51338,121.2871,16199.9458333,2.0
38.513290000000005,121.28399999999999,16199.9486111,1.8
38.5132,121.2817,16199.9506944,2.0
38.51296,121.2748,16199.9569444,2.0
38.51282,121.2744,16199.9701389,0.4
38.51423,121.3823,16200.1256944,0.4
38.515609999999995,121.35600000000001,16200.1729167,1.5
38.52277,121.3026,16200.2513889,0.8
