lat,long,time,speed
34.00315,121.09299999999999,16194.7729167,7.6
34.03152,121.0764,16194.8631944,0.0
34.02868,121.0395,16194.9652778,1.5
34.02661,120.9438,16195.0194444,8.7
34.023309999999995,120.9126,16195.027083300001,8.9
34.01856,120.884,16195.0333333,9.0
34.01287,120.8631,16195.0388889,8.7
34.00412,120.8409,16195.0444444,8.9
33.77903,120.4612,16201.3930556,6.5
33.78329,120.465,16201.3944444,6.9
33.78713,120.4678,16201.397222200001,7.1
33.79598,120.4703,16201.3993056,6.7
33.79974,120.6796,16201.459722200001,9.0
33.79589,120.6935,16201.463194400001,8.1
33.79453,120.6977,16201.4659722,8.9
33.79145,120.7101,16201.4694444,9.0
33.78969,120.7156,16201.4715278,8.7
33.76771,120.7812,16201.4881944,2.7
33.78865,120.4686,16212.825,7.8
33.798809999999996,120.6358,16212.8756944,9.6
33.794309999999996,120.7656,16221.8201389,10.3
