lat,long,time,speed
37.15858,11.85249,16196.8965278,2.6
37.14765,11.85648,16196.9083333,2.7
37.146029999999996,11.85711,16196.9097222,2.9
37.14443,11.85778,16196.9111111,2.9
37.14285,11.85849,16196.9125,3.0
37.14005,11.8597,16196.915277799999,2.7
37.13735,11.86065,16196.9180556,2.7
37.13343,11.86243,16196.9215278,2.7
37.13199,11.8631,16196.9229167,2.8
37.13046,11.863660000000001,16196.9243056,2.8
37.1284,11.86433,16196.9263889,2.8
37.12639,11.86506,16196.928472200001,2.8
37.12291,11.866430000000001,16196.93125,2.7
37.12086,11.867230000000001,16196.933333300001,2.9
37.11887,11.867989999999999,16196.9354167,2.7
37.11688,11.868739999999999,16196.9368056,2.7
37.11408,11.869769999999999,16196.9395833,2.8
37.11038,11.87097,16196.943055599999,2.7
37.10519,11.87255,16196.9472222,2.9
37.10266,11.87327,16196.95,3.1
37.100570000000005,11.87389,16196.951388899999,2.8
37.09771,11.874889999999999,16196.9541667,3.0
37.09923,11.87485,16196.9569444,4.0
37.10106,11.87465,16196.958333300001,2.2
37.10195,11.87461,16196.9604167,1.3
37.102090000000004,11.87472,16196.9618056,0.2
37.10264,11.8747,16196.9638889,2.0
37.10185,11.87508,16196.9666667,0.3
37.09778,11.877139999999999,16196.96875,8.8
37.09321,11.87932,16196.9708333,7.5
37.09608,11.8738,16196.972916699999,3.9
37.10145,11.86662,16196.9756944,6.2
37.10455,11.861930000000001,16196.9805556,0.6
37.11744,11.84155,16196.9993056,2.8
37.11916,11.84075,16197.0006944,3.1
37.15343,11.823889999999999,16197.0458333,2.3
37.07159,11.629760000000001,16197.1,9.3
37.06905,11.62472,16197.1013889,9.6
37.0643,11.61546,16197.104166699999,9.5
37.05935,11.6058,16197.10625,9.3
37.05486,11.59694,16197.1083333,9.5
37.0036,11.49363,16197.1333333,9.8
36.99848,11.48131,16197.1361111,9.9
36.99305,11.46434,16197.1402778,10.0
36.98868,11.45023,16197.1430556,10.0
36.98611,11.44312,16197.1451389,6.7
36.98171,11.43632,16197.147222200001,7.5
36.97435,11.43484,16197.15,9.7
36.968509999999995,11.43244,16197.152083300001,2.4
36.968109999999996,11.43182,16197.1534722,1.0
36.967259999999996,11.43109,16197.1548611,2.2
36.96663,11.4305,16197.15625,2.2
36.96539,11.429910000000001,16197.1576389,2.3
36.964079999999996,11.42937,16197.1590278,2.5
36.962790000000005,11.42877,16197.160416699999,2.5
36.96161,11.428180000000001,16197.161805599999,2.4
36.96028,11.42756,16197.1631944,2.6
36.958909999999996,11.42695,16197.1645833,2.5
36.95024,11.42429,16197.173611100001,3.0
36.92217,11.44015,16197.2006944,2.7
36.92085,11.44144,16197.2020833,2.8
36.91923,11.44665,16197.20625,2.9
36.91767,11.4504,16197.2090278,2.9
36.91384,11.4551,16197.2138889,3.0
36.91093,11.457410000000001,16197.2166667,2.9
36.908590000000004,11.45908,16197.2194444,2.9
36.90442,11.462439999999999,16197.2236111,2.7
36.898109999999996,11.4693,16197.23125,2.8
36.89574,11.47173,16197.2340278,2.7
36.89322,11.47423,16197.2368056,2.7
36.89082,11.4767,16197.239583300001,2.7
36.88841,11.47921,16197.2423611,2.8
36.88568,11.48141,16197.2451389,2.9
36.88319,11.483130000000001,16197.2479167,2.8
36.87983,11.48504,16197.2506944,2.4
36.87528,11.48676,16197.255555599999,2.8
36.87236,11.4882,16197.2583333,2.8
37.62265,10.98131,16199.2479167,2.4
37.62167,10.981010000000001,16199.2493056,1.0
37.62085,10.98092,16199.2506944,1.7
37.62042,10.97797,16199.2527778,4.5
37.63123,10.89831,16199.30625,3.1
37.63236,10.896239999999999,16199.3076389,2.6
37.63328,10.89465,16199.3090278,2.5
37.63411,10.89322,16199.3104167,2.6
37.63543,10.8909,16199.3125,2.7
37.63646,10.8894,16199.3138889,2.5
37.63795,10.88773,16199.3159722,2.7
37.639509999999994,10.88618,16199.3173611,2.3
37.64095,10.884739999999999,16199.3194444,3.0
37.64589,10.880510000000001,16199.3243056,2.9
37.646840000000005,10.88088,16199.326388899999,3.1
37.64835,10.88045,16199.3277778,2.7
37.650529999999996,10.87982,16199.329861100001,2.6
37.65217,10.87937,16199.33125,2.7
37.65382,10.878910000000001,16199.3326389,2.7
37.655229999999996,10.87854,16199.3340278,2.7
37.64199,10.7157,16199.49375,2.7
37.63903,10.71377,16199.4965278,3.1
37.6373,10.71285,16199.4979167,2.8
37.63579,10.7121,16199.4993056,3.0
37.63548,10.71228,16199.5013889,4.2
37.637370000000004,10.7132,16199.5027778,3.2
37.63987,10.71526,16199.505555599999,3.4
37.64042,10.71674,16199.5083333,0.4
37.640240000000006,10.71791,16199.5111111,2.5
37.639379999999996,10.7187,16199.5125,1.8
37.63841,10.71898,16199.513888899999,1.7
37.63637,10.72425,16199.5159722,6.7
37.63158,10.72392,16199.5180556,6.3
37.62769,10.71918,16199.5201389,8.7
37.62348,10.714780000000001,16199.522222200001,1.2
37.620909999999995,10.71485,16199.525,2.6
37.61416,10.70561,16199.5361111,1.1
37.6103,10.69908,16199.5423611,2.9
37.609390000000005,10.69547,16199.545138899999,2.7
37.60249,10.68042,16199.5576389,2.8
37.60047,10.67723,16199.5604167,2.7
37.59902,10.675,16199.5625,2.6
37.596959999999996,10.67168,16199.5652778,2.7
37.5956,10.669839999999999,16199.5673611,2.8
37.59341,10.66708,16199.5701389,2.6
37.59013,10.66443,16199.5736111,2.9
37.58713,10.66307,16199.576388899999,2.8
37.585440000000006,10.6623,16199.5777778,2.8
37.58398,10.661660000000001,16199.5791667,2.7
37.582409999999996,10.66099,16199.5805556,2.8
37.58098,10.66033,16199.5819444,2.8
37.57951,10.65964,16199.583333300001,2.7
37.57777,10.65893,16199.5854167,2.9
37.574870000000004,10.657739999999999,16199.588194400001,2.6
37.57212,10.656830000000001,16199.5902778,2.8
37.57049,10.656189999999999,16199.5916667,2.6
37.57177,10.65725,16199.59375,4.2
37.57372,10.65855,16199.5951389,3.3
37.57555,10.6598,16199.5972222,4.0
37.57671,10.660960000000001,16199.599305599999,1.0
37.57698,10.66208,16199.6020833,0.9
37.57667,10.66468,16199.6048611,2.2
37.571259999999995,10.6701,16199.607638899999,9.8
37.56583,10.67094,16199.6090278,9.6
37.557809999999996,10.67235,16199.611111100001,9.7
37.54936,10.67256,16199.6131944,9.6
37.54395,10.67274,16199.614583300001,9.5
37.53525,10.672939999999999,16199.6173611,9.8
37.52624,10.67292,16199.619444400001,9.9
37.518159999999995,10.673580000000001,16199.6215278,9.5
37.51222,10.6739,16199.6229167,9.5
37.50683,10.6743,16199.6243056,9.5
37.49944,10.676260000000001,16199.6263889,9.8
37.42409,10.65157,16199.7465278,9.6
37.42584,10.64143,16199.7486111,9.3
37.42546,10.6317,16199.7506944,9.5
37.4271,10.622489999999999,16199.7527778,9.2
37.43087,10.62604,16199.7548611,5.3
37.43586,10.63026,16199.7569444,9.0
37.4374,10.63151,16199.7583333,0.4
37.4381,10.63217,16199.7597222,1.2
37.439370000000004,10.63326,16199.7611111,2.9
37.44019,10.635110000000001,16199.7625,3.0
37.44058,10.63597,16199.763888899999,2.9
37.44214,10.63988,16199.7666667,2.9
37.44275,10.64171,16199.7680556,2.7
37.44332,10.64362,16199.7694444,2.9
37.44395,10.64564,16199.770833300001,2.8
37.44463,10.647780000000001,16199.772222200001,2.8
37.44531,10.649989999999999,16199.7743056,2.9
37.44635,10.65348,16199.7763889,3.2
37.4469,10.655389999999999,16199.7777778,2.9
37.44744,10.6573,16199.7791667,2.8
37.44795,10.65921,16199.7805556,2.8
37.44847,10.66112,16199.7819444,2.7
37.44905,10.662980000000001,16199.7833333,2.9
37.44964,10.66462,16199.7847222,2.9
37.45035,10.66643,16199.7861111,2.8
37.45125,10.66813,16199.7875,2.8
37.45221,10.66974,16199.7888889,3.0
37.453359999999996,10.67121,16199.790277799999,2.7
37.45552,10.67276,16199.7923611,3.1
37.45695,10.67342,16199.79375,3.0
37.45969,10.67418,16199.7965278,2.9
37.462759999999996,10.67537,16199.7993056,2.8
37.46557,10.6757,16199.8013889,3.1
37.46498,10.67504,16199.8041667,2.8
37.46352,10.674710000000001,16199.80625,1.0
37.46338,10.67494,16199.8076389,1.6
37.462959999999995,10.67499,16199.8090278,1.7
37.46346,10.67575,16199.8104167,0.8
37.46443,10.67662,16199.8118056,4.7
37.46799,10.67655,16199.8131944,9.3
37.46783,10.67597,16199.8145833,4.8
37.464529999999996,10.67537,16199.8159722,3.4
37.45881,10.67262,16199.818055599999,5.1
37.45779,10.67263,16199.8194444,1.9
37.45671,10.672789999999999,16199.8208333,2.7
37.4549,10.672839999999999,16199.822916699999,2.6
37.45111,10.673169999999999,16199.826388899999,2.5
37.43333,10.66739,16199.8416667,2.9
37.43185,10.66681,16199.8430556,2.6
37.43056,10.666360000000001,16199.8444444,3.2
37.42804,10.66544,16199.8472222,2.9
37.42135,10.66307,16199.852777799999,2.9
37.419779999999996,10.66255,16199.854166699999,2.7
37.41825,10.66209,16199.8555556,3.0
37.41669,10.661669999999999,16199.8569444,3.0
37.41682,10.66201,16199.8590278,3.2
37.41815,10.662460000000001,16199.8604167,0.4
37.4186,10.66284,16199.8618056,0.8
37.41861,10.66325,16199.8638889,1.8
37.41816,10.66385,16199.8666667,1.4
37.4178,10.66037,16199.86875,9.1
37.42018,10.65077,16199.870833300001,9.2
37.42207,10.641630000000001,16199.8729167,9.2
37.42322,10.63112,16199.875,9.0
37.42592,10.62208,16199.8770833,5.7
37.43059,10.625,16199.8798611,3.1
37.43652,10.628910000000001,16199.8819444,0.3
37.43789,10.63064,16199.8847222,2.8
37.43911,10.63321,16199.8875,2.7
37.44062,10.6366,16199.8902778,2.8
37.442029999999995,10.64025,16199.8930556,2.8
37.44359,10.643989999999999,16199.895833300001,2.9
37.44457,10.64692,16199.8979167,2.8
37.445170000000005,10.64898,16199.8993056,2.8
37.44567,10.65087,16199.900694400001,2.9
37.44652,10.654689999999999,16199.9034722,2.9
37.44685,10.65666,16199.9048611,3.0
37.4476,10.66018,16199.9076389,2.8
37.44847,10.66425,16199.910416699999,2.9
37.44952,10.668,16199.9131944,2.8
37.451229999999995,10.67075,16199.915277799999,3.1
37.45247,10.67183,16199.916666699999,3.1
37.45404,10.672839999999999,16199.9180556,3.2
37.455490000000005,10.67352,16199.9194444,2.8
37.457390000000004,10.67405,16199.9215278,2.9
37.460390000000004,10.67459,16199.923611100001,3.1
37.46201,10.67482,16199.925,2.8
37.46358,10.67515,16199.9263889,2.7
37.465140000000005,10.6755,16199.9277778,3.0
37.46666,10.67601,16199.9291667,2.7
37.4687,10.67698,16199.931944400001,2.4
37.46597,10.67562,16199.9340278,2.9
37.46567,10.67576,16199.9354167,0.4
37.46547,10.675930000000001,16199.9368056,1.0
37.464890000000004,10.6758,16199.9381944,1.4
37.46544,10.67637,16199.9402778,2.1
37.46761,10.67655,16199.9423611,5.9
37.46816,10.67624,16199.9444444,7.4
37.463409999999996,10.67555,16199.946527799999,9.1
37.4595,10.67412,16199.9493056,1.5
37.45815,10.673860000000001,16199.9506944,0.8
37.45698,10.67357,16199.9520833,2.6
37.45555,10.67307,16199.9534722,2.4
37.45406,10.6725,16199.954861100001,2.7
37.45256,10.6718,16199.95625,2.2
37.45109,10.67105,16199.9576389,2.7
37.449709999999996,10.6689,16199.959722200001,2.9
37.44917,10.665560000000001,16199.9618056,3.5
37.44787,10.66151,16199.964583300001,2.6
37.44746,10.6596,16199.9659722,2.9
37.447179999999996,10.65761,16199.9673611,2.9
37.44688,10.655489999999999,16199.9694444,2.7
37.445809999999994,10.65121,16199.9722222,3.0
37.44512,10.649389999999999,16199.9736111,2.4
37.44441,10.6476,16199.975,3.0
37.44319,10.644110000000001,16199.977777799999,2.8
37.4406,10.637360000000001,16199.982638899999,2.7
37.43795,10.63214,16199.9875,3.3
37.43611,10.629660000000001,16199.989583300001,2.7
37.428329999999995,10.62453,16200.0097222,6.1
37.42954,10.62698,16200.0111111,3.2
37.429159999999996,10.63074,16200.0125,5.2
37.430409999999995,10.64131,16200.0166667,3.2
37.43055,10.64375,16200.01875,2.8
37.43851,10.66756,16200.036805599999,2.9
37.439840000000004,10.66875,16200.0381944,3.2
37.44133,10.66969,16200.0395833,2.7
37.44275,10.6703,16200.0409722,3.3
37.44597,10.671710000000001,16200.04375,2.8
37.44784,10.67217,16200.0458333,2.8
37.45087,10.6729,16200.048611100001,2.5
37.45475,10.67354,16200.0513889,2.8
37.45624,10.67371,16200.0527778,3.0
37.45666,10.67383,16200.0541667,3.2
37.4542,10.67309,16200.05625,3.4
37.45406,10.67336,16200.0576389,0.8
37.45374,10.67371,16200.0597222,0.6
37.4551,10.67498,16200.0631944,1.8
37.45998,10.675189999999999,16200.0652778,9.0
37.42915,10.62421,16200.1347222,7.2
37.43172,10.62682,16200.1368056,3.2
37.437059999999995,10.63058,16200.138888899999,4.1
37.44095,10.637030000000001,16200.145833300001,2.6
37.44227,10.63916,16200.147222200001,3.0
37.44335,10.642330000000001,16200.15,2.9
37.44471,10.645480000000001,16200.152083300001,3.1
37.445370000000004,10.64733,16200.1534722,2.9
37.447359999999996,10.65351,16200.1583333,3.0
37.448170000000005,10.6564,16200.160416699999,3.1
37.46526,10.67642,16200.1923611,0.7
37.46481,10.677019999999999,16200.1944444,0.7
37.46652,10.6771,16200.1972222,4.1
37.463570000000004,10.6785,16200.1993056,6.4
37.45661,10.67906,16200.2020833,6.9
37.42647,10.652510000000001,16200.6715278,3.1
37.42798,10.655660000000001,16200.6743056,2.5
37.429829999999995,10.65806,16200.6763889,3.3
37.431490000000004,10.65974,16200.678472200001,3.0
37.43376,10.662139999999999,16200.68125,2.9
37.43638,10.66405,16200.6840278,3.2
37.43885,10.66576,16200.6861111,3.4
37.440329999999996,10.66657,16200.6875,2.2
37.4418,10.66731,16200.6888889,2.8
37.44316,10.66788,16200.6902778,3.1
37.44569,10.669130000000001,16200.693055599999,2.9
37.44852,10.670539999999999,16200.6951389,3.1
37.44999,10.67128,16200.696527799999,3.1
37.451370000000004,10.67194,16200.697916699999,3.1
37.452709999999996,10.67261,16200.6993056,3.1
37.45536,10.6735,16200.7020833,3.4
37.45861,10.67421,16200.704861100001,3.1
37.46116,10.674560000000001,16200.7069444,3.1
37.46387,10.67532,16200.7090278,3.1
37.46648,10.67564,16200.7118056,3.1
37.46667,10.67557,16200.714583300001,4.3
37.464459999999995,10.67537,16200.7166667,0.8
37.46443,10.675839999999999,16200.7180556,1.2
37.46374,10.675930000000001,16200.7194444,0.4
37.46382,10.67632,16200.7208333,0.7
37.46431,10.6767,16200.7222222,1.4
37.46506,10.676630000000001,16200.7236111,0.7
37.46532,10.677,16200.7263889,5.4
37.46125,10.67402,16200.7284722,5.4
37.4561,10.67405,16200.7298611,7.1
37.45397,10.67295,16200.7319444,2.9
37.45019,10.67052,16200.7368056,2.2
37.447109999999995,10.66347,16200.7423611,2.6
37.44582,10.661439999999999,16200.74375,3.4
37.44447,10.65928,16200.745833300001,2.7
37.44335,10.6574,16200.7472222,2.4
37.44239,10.65419,16200.75,2.4
37.44191,10.65037,16200.7527778,3.3
37.44129,10.64803,16200.754166699999,2.7
37.44082,10.64609,16200.755555599999,2.1
37.4404,10.64419,16200.7569444,3.0
37.439659999999996,10.64052,16200.7597222,2.5
37.4392,10.63717,16200.7618056,3.4
37.438959999999994,10.63532,16200.7631944,2.6
37.4385,10.63336,16200.7645833,3.0
37.437290000000004,10.62985,16200.767361100001,3.2
37.43535,10.627310000000001,16200.7694444,3.4
37.43391,10.62625,16200.770833300001,3.0
37.434740000000005,10.629660000000001,16200.795138899999,1.3
37.43569,10.63062,16200.7972222,1.9
37.437670000000004,10.63222,16200.8,2.8
37.44048,10.6353,16200.8027778,3.3
37.44215,10.63885,16200.8055556,3.0
37.44283,10.64051,16200.806944400001,3.1
37.44416,10.64398,16200.8097222,2.8
37.445609999999995,10.64752,16200.8125,2.7
37.447070000000004,10.6507,16200.8152778,3.1
37.4486,10.65418,16200.818055599999,2.8
37.45012,10.65806,16200.8208333,2.7
37.45127,10.6614,16200.8236111,3.0
37.4524,10.66473,16200.8256944,3.1
37.45306,10.66655,16200.8270833,3.0
37.45373,10.668330000000001,16200.8284722,3.1
37.45436,10.67014,16200.829861100001,2.6
37.45495,10.67178,16200.83125,3.1
37.456070000000004,10.67493,16200.8340278,3.1
37.456340000000004,10.67602,16200.8361111,3.8
37.45559,10.67365,16200.838194400001,1.9
37.89719,11.48002,16201.3243056,5.7
37.903040000000004,11.470460000000001,16201.3326389,1.4
37.903459999999995,11.51095,16201.3555556,2.8
37.903729999999996,11.5162,16201.3590278,3.0
37.90372,11.52645,16201.365972200001,3.0
37.86959,11.63599,16201.4666667,3.3
37.86418,11.6384,16201.4701389,7.9
37.85716,11.64248,16201.472916699999,9.9
37.845620000000004,11.647730000000001,16201.477777799999,2.5
37.84422,11.648710000000001,16201.4798611,2.8
37.8422,11.64995,16201.4819444,2.8
37.82712,11.66031,16201.4965278,3.0
37.815329999999996,11.66765,16201.5069444,3.2
37.813629999999996,11.66891,16201.509027799999,3.0
37.808370000000004,11.67412,16201.5145833,2.9
37.80485,11.67896,16201.51875,3.0
37.80305,11.68159,16201.520833300001,3.0
37.8017,11.68365,16201.5229167,2.9
37.79353,11.69775,16201.5340278,3.0
37.78092,11.77859,16201.5965278,2.9
37.781,11.777999999999999,16201.5986111,3.7
37.77732,11.77742,16201.614583300001,1.4
37.76603,11.82734,16201.6263889,9.9
37.75588,11.86969,16201.635416699999,9.5
37.7436,11.91933,16201.645833300001,9.4
37.72764,11.982669999999999,16201.6597222,9.4
37.72591,11.989519999999999,16201.6611111,9.4
37.721790000000006,12.00521,16201.6645833,9.4
37.72019,12.011439999999999,16201.6659722,9.3
37.71725,12.02184,16201.66875,9.4
37.714729999999996,12.03172,16201.6708333,9.2
37.71196,12.04241,16201.6729167,9.2
37.709720000000004,12.0521,16201.675,9.2
37.70746,12.06121,16201.677083300001,9.1
37.70541,12.06987,16201.6798611,8.9
37.70241,12.08035,16201.681944400001,9.0
37.69957,12.08965,16201.6840278,9.1
37.69695,12.099039999999999,16201.6861111,9.2
37.693909999999995,12.10955,16201.6888889,9.2
37.69175,12.11776,16201.6909722,6.9
37.68983,12.1247,16201.693055599999,6.9
37.688309999999994,12.13057,16201.6944444,6.9
37.68705,12.135060000000001,16201.6958333,6.8
37.68523,12.14225,16201.697916699999,6.9
37.6834,12.14943,16201.7006944,7.0
37.681670000000004,12.15685,16201.7027778,3.2
37.68137,12.15905,16201.7041667,3.8
37.68081,12.16153,16201.7055556,2.6
37.680859999999996,12.16217,16201.7069444,1.4
37.67922,12.16611,16201.709722200001,4.9
37.67773,12.17328,16201.7118056,6.8
37.675270000000005,12.1815,16201.714583300001,7.1
37.672670000000004,12.191089999999999,16201.7166667,9.7
37.67092,12.19725,16201.7180556,9.4
37.667809999999996,12.20841,16201.7208333,9.1
37.66458,12.21992,16201.7236111,9.0
37.66205,12.23011,16201.7256944,9.0
37.660270000000004,12.23803,16201.727777799999,9.4
37.658120000000004,12.24757,16201.7298611,9.4
37.65575,12.25802,16201.7319444,9.5
37.65333,12.26865,16201.7340278,9.3
37.65149,12.275839999999999,16201.736111100001,9.3
37.64893,12.285789999999999,16201.7381944,9.9
37.64615,12.29623,16201.7402778,9.5
37.64413,12.30331,16201.7416667,9.8
37.64227,12.309619999999999,16201.7430556,9.8
37.6398,12.31834,16201.7451389,9.8
37.63675,12.328560000000001,16201.7472222,9.9
37.6332,12.342260000000001,16201.75,9.9
37.63173,12.34883,16201.7513889,9.8
37.62851,12.36316,16201.754166699999,9.9
37.62565,12.37556,16201.7569444,10.1
37.62321,12.38635,16201.759027799999,10.2
37.620509999999996,12.397039999999999,16201.7611111,10.1
37.61893,12.408,16201.763888899999,9.9
37.61808,12.41912,16201.7659722,10.0
37.61761,12.43019,16201.7680556,10.0
37.6173,12.44104,16201.7701389,9.7
37.61711,12.45196,16201.772222200001,10.1
37.6175,12.46317,16201.7743056,9.9
37.61757,12.47015,16201.775694400001,9.8
37.618,12.47593,16201.777083300001,10.0
37.619,12.486839999999999,16201.7791667,9.8
37.61997,12.49729,16201.78125,9.9
37.620709999999995,12.504760000000001,16201.7826389,10.0
37.62162,12.51044,16201.7840278,9.8
37.62287,12.51958,16201.7861111,10.0
37.62449,12.53155,16201.7881944,9.8
37.625479999999996,12.53962,16201.790277799999,9.9
37.62742,12.551960000000001,16201.7923611,9.9
37.62965,12.56188,16201.7944444,9.9
37.632540000000006,12.57387,16201.7972222,9.9
37.63649,12.58355,16201.7993056,9.9
37.6411,12.588560000000001,16201.8013889,6.9
37.64783,12.58175,16201.8048611,5.8
37.648759999999996,12.57947,16201.8076389,0.5
37.64878,12.57933,16201.8090278,0.2
37.648709999999994,12.579260000000001,16201.8243056,0.0
37.6487,12.57928,16201.8388889,0.0
37.648709999999994,12.57928,16202.2972222,0.0
37.64868,12.57928,16202.3131944,0.0
37.6487,12.579260000000001,16202.33125,0.0
37.648709999999994,12.57929,16202.3465278,0.0
37.64873,12.579310000000001,16202.9222222,0.0
37.64878,12.579310000000001,16202.9388889,0.0
37.6489,12.57952,16202.95,2.3
37.55393,12.41105,16202.9993056,9.7
37.52257,12.348180000000001,16203.013888899999,9.5
37.51843,12.33961,16203.0159722,9.5
37.51615,12.3348,16203.017361100001,9.4
37.50975,12.320780000000001,16203.020833300001,10.0
37.5044,12.30894,16203.0236111,9.7
37.49873,12.29615,16203.0263889,9.5
37.4962,12.29021,16203.0277778,9.4
37.49222,12.28099,16203.0298611,9.5
37.490190000000005,12.27612,16203.03125,9.5
37.4857,12.265410000000001,16203.0340278,9.6
37.48191,12.25671,16203.0361111,9.3
37.47769,12.24714,16203.0381944,9.1
37.47359,12.23829,16203.040277799999,9.0
37.46991,12.22985,16203.0423611,8.9
37.46606,12.22109,16203.0444444,8.9
37.46403,12.2164,16203.0458333,8.9
37.4601,12.20764,16203.0479167,9.1
37.45643,12.19875,16203.05,8.8
37.45272,12.190489999999999,16203.052083300001,9.1
37.45075,12.1859,16203.053472200001,8.9
37.446670000000005,12.17649,16203.0555556,9.0
37.44255,12.1684,16203.0576389,9.0
37.43929,12.16158,16203.0597222,8.9
37.43505,12.15225,16203.0618056,9.3
37.43023,12.14227,16203.0645833,9.3
37.42625,12.133460000000001,16203.066666699999,8.8
37.42277,12.126380000000001,16203.06875,9.2
37.418929999999996,12.11829,16203.0708333,8.9
37.414190000000005,12.10859,16203.072916699999,8.9
37.412079999999996,12.10415,16203.0743056,8.9
37.40793,12.09587,16203.076388899999,8.6
37.403890000000004,12.08746,16203.0784722,8.7
37.40061,12.08094,16203.0805556,8.8
37.396570000000004,12.072560000000001,16203.0826389,8.9
37.39268,12.064160000000001,16203.084722200001,8.5
37.38933,12.05612,16203.0875,8.9
37.38731,12.04895,16203.089583300001,8.6
37.385329999999996,12.04175,16203.0916667,8.9
37.37984,12.027000000000001,16203.0944444,8.5
37.37634,12.01724,16203.0965278,8.6
37.372370000000004,12.00902,16203.0986111,8.3
37.37442,12.01275,16203.1,8.8
37.36455,11.9942,16203.102777799999,8.8
37.36175,11.98874,16203.104166699999,8.7
37.358990000000006,11.98317,16203.1055556,8.7
37.35467,11.97591,16203.107638899999,9.0
37.3524,11.97165,16203.1090278,8.2
37.348079999999996,11.96387,16203.111111100001,8.5
37.34659,11.96145,16203.114583300001,8.6
37.34388,11.95641,16203.115972200001,8.6
37.334379999999996,11.93887,16203.1180556,8.2
37.33021,11.930810000000001,16203.1201389,8.4
37.327459999999995,11.92581,16203.1215278,8.7
37.32522,11.921610000000001,16203.1229167,8.6
37.32147,11.91497,16203.125,9.0
37.31925,11.91071,16203.129166699999,8.5
37.312909999999995,11.89902,16203.1319444,9.2
37.30873,11.89128,16203.134027799999,9.0
37.27238,11.830119999999999,16203.1479167,9.3
37.267340000000004,11.8219,16203.15,9.1
37.26236,11.81382,16203.152083300001,9.4
37.257670000000005,11.80613,16203.1541667,9.2
37.25251,11.79755,16203.1569444,9.3
37.2469,11.78813,16203.1590278,9.2
37.24197,11.78065,16203.1611111,9.2
37.23858,11.7751,16203.1625,9.3
37.23574,11.77093,16203.1638889,9.5
37.23069,11.76335,16203.1659722,9.4
37.22605,11.754669999999999,16203.1680556,9.3
37.220079999999996,11.74429,16203.1708333,9.5
37.21712,11.73877,16203.1722222,9.3
37.21464,11.73252,16203.173611100001,9.4
37.21633,11.72705,16203.1756944,3.5
37.21893,11.72425,16203.1777778,7.8
37.22423,11.71748,16203.1798611,8.4
37.22699,11.71402,16203.1826389,3.7
37.228559999999995,11.71214,16203.1854167,2.3
37.229929999999996,11.71092,16203.1868056,2.2
37.23097,11.7101,16203.1881944,2.3
37.23207,11.709019999999999,16203.1895833,2.4
37.233090000000004,11.70777,16203.191666699999,2.4
37.23539,11.705169999999999,16203.1944444,2.3
37.23717,11.70306,16203.1972222,2.7
37.23915,11.70011,16203.1993056,2.6
37.24033,11.69788,16203.201388899999,2.7
37.28516,11.64969,16203.2569444,3.0
37.28667,11.64857,16203.2583333,2.9
37.28837,11.6474,16203.260416699999,3.1
37.290659999999995,11.64557,16203.2625,3.1
37.29184,11.64442,16203.263888899999,3.0
37.29291,11.64335,16203.2652778,2.8
37.29395,11.6422,16203.2666667,2.9
37.29606,11.64007,16203.2694444,3.0
37.29782,11.63855,16203.2715278,2.7
37.30068,11.63609,16203.275,2.6
37.30199,11.634960000000001,16203.2763889,3.0
37.30363,11.633560000000001,16203.2784722,2.8
37.3054,11.63207,16203.2805556,2.9
37.311840000000004,11.62769,16203.29375,1.7
37.31027,11.62937,16203.2965278,0.9
37.3113,11.6335,16203.3041667,4.1
37.23537,11.6757,16203.3736111,3.2
37.2327,11.67732,16203.3756944,3.4
37.22913,11.67949,16203.379166699999,2.9
37.22728,11.6806,16203.380555599999,3.1
37.225429999999996,11.68171,16203.3826389,3.0
37.20092,11.69338,16203.4048611,2.9
37.19913,11.694339999999999,16203.40625,2.7
37.19634,11.6958,16203.4090278,3.1
37.194179999999996,11.69697,16203.4111111,2.9
37.1923,11.69805,16203.4125,2.9
37.19097,11.69934,16203.4138889,3.1
37.191159999999996,11.69941,16203.4159722,3.6
37.19347,11.69834,16203.4180556,2.2
37.19542,11.69721,16203.420138899999,0.2
37.19422,11.69749,16203.4222222,3.3
37.19522,11.69704,16203.423611100001,1.2
37.195370000000004,11.69694,16203.425,0.0
37.19487,11.69705,16203.4263889,1.6
37.19435,11.69717,16203.4277778,1.9
37.19487,11.69705,16203.4291667,1.6
37.19148,11.698030000000001,16203.431944400001,7.1
37.187459999999994,11.70275,16203.4347222,5.1
37.1895,11.698160000000001,16203.4368056,8.0
37.18872,11.7,16203.4381944,3.0
37.19218,11.69178,16203.4409722,8.4
37.19423,11.68326,16203.443055599999,0.6
37.19466,11.681980000000001,16203.4451389,2.4
37.1957,11.67867,16203.4486111,2.6
37.20085,11.66635,16203.4590278,2.9
37.20213,11.663739999999999,16203.4611111,2.7
37.20301,11.662,16203.4625,2.7
37.20389,11.66035,16203.4638889,2.5
37.20483,11.65852,16203.4652778,2.9
37.20562,11.656989999999999,16203.4666667,2.7
37.2065,11.655510000000001,16203.4680556,2.8
37.20759,11.65385,16203.4694444,2.9
37.20975,11.65142,16203.4722222,3.0
37.21152,11.64991,16203.474305599999,2.9
37.21412,11.647689999999999,16203.4770833,2.8
37.2313,11.6381,16203.4930556,2.7
37.253659999999996,11.6297,16203.513888899999,2.8
37.256890000000006,11.62951,16203.5166667,2.7
37.26157,11.6292,16203.5201389,2.9
37.26398,11.629000000000001,16203.522222200001,2.8
37.26743,11.62855,16203.525694400001,2.6
37.27036,11.62846,16203.5277778,3.1
37.27275,11.62848,16203.5298611,2.7
37.27463,11.628589999999999,16203.5319444,2.9
37.27698,11.628680000000001,16203.5340278,2.5
37.27884,11.62894,16203.5361111,3.6
37.2766,11.629589999999999,16203.5375,3.9
37.274229999999996,11.62985,16203.5395833,3.2
37.27241,11.63017,16203.5409722,1.2
37.27077,11.63062,16203.5430556,1.5
37.27043,11.63068,16203.5458333,1.3
37.27033,11.63239,16203.5479167,1.9
37.270579999999995,11.63349,16203.5493056,1.1
37.27107,11.63462,16203.5506944,4.8
37.26487,11.65427,16203.5576389,9.5
37.26239,11.658430000000001,16203.5604167,3.0
37.26149,11.659880000000001,16203.5625,2.5
37.26054,11.66119,16203.5638889,2.2
37.25912,11.66278,16203.5659722,2.4
37.2543,11.666210000000001,16203.5708333,2.9
37.24933,11.66783,16203.5756944,2.5
37.24677,11.66889,16203.5777778,3.0
37.245,11.6696,16203.5791667,2.9
37.243590000000005,11.67013,16203.5805556,2.8
37.24195,11.670739999999999,16203.5819444,3.1
37.24006,11.67157,16203.5840278,2.2
37.11786,11.45086,16203.8423611,10.6
37.08879,11.44048,16203.85,10.3
37.07545,11.43587,16203.8534722,10.1
37.01425,11.42609,16203.86875,11.1
36.99389,11.42042,16203.8736111,8.2
36.98879,11.42,16203.8756944,9.1
36.97739,11.41922,16203.8798611,5.9
36.97551,11.41925,16203.88125,1.7
36.97403,11.41987,16203.8833333,3.4
36.97229,11.41973,16203.8847222,4.0
36.97038,11.41963,16203.8868056,3.3
36.96865,11.41951,16203.8881944,2.8
36.966809999999995,11.41934,16203.8895833,3.0
36.9643,11.419189999999999,16203.892361100001,2.5
36.96103,11.41895,16203.8951389,3.2
36.95843,11.41869,16203.897222200001,3.6
36.954609999999995,11.418389999999999,16203.900694400001,3.3
36.95173,11.41799,16203.9034722,3.7
36.949040000000004,11.41779,16203.9055556,3.6
36.93095,11.42291,16203.9208333,3.3
36.892920000000004,11.44464,16203.9541667,2.7
36.89097,11.44582,16203.9555556,2.7
36.885220000000004,11.44926,16203.9611111,2.7
36.88058,11.45195,16203.9652778,3.7
36.87715,11.454,16203.9680556,2.5
36.8756,11.4549,16203.9694444,2.4
36.87296,11.456389999999999,16203.9715278,3.6
36.870870000000004,11.45763,16203.9736111,3.1
36.86773,11.45942,16203.9763889,2.9
36.86502,11.46091,16203.9784722,2.9
36.863609999999994,11.46168,16203.9798611,2.8
36.862109999999994,11.462539999999999,16203.98125,3.1
36.86035,11.463569999999999,16203.9833333,3.0
36.85783,11.46493,16203.9854167,3.0
36.856320000000004,11.46575,16203.9868056,3.1
36.85305,11.46753,16203.989583300001,2.4
36.85168,11.46828,16203.990972200001,3.2
36.84903,11.469610000000001,16203.99375,2.5
36.84689,11.47039,16203.9951389,2.3
36.826190000000004,11.47594,16204.0131944,3.4
36.82159,11.477319999999999,16204.017361100001,3.2
36.816990000000004,11.47855,16204.020833300001,4.0
36.81243,11.47987,16204.025,3.6
36.80964,11.4806,16204.027083300001,3.5
36.80656,11.48146,16204.0298611,4.8
36.80315,11.48237,16204.0326389,3.8
36.7997,11.4834,16204.035416699999,2.3
36.79746,11.483989999999999,16204.036805599999,2.6
36.79565,11.48447,16204.0388889,3.4
36.79153,11.485710000000001,16204.0423611,3.4
36.788759999999996,11.48649,16204.0444444,2.2
36.78543,11.48749,16204.0472222,3.7
36.782379999999996,11.48847,16204.05,3.5
36.77858,11.48932,16204.0527778,3.5
36.7758,11.49019,16204.0548611,4.5
36.77377,11.49093,16204.056944400001,3.3
36.771679999999996,11.491539999999999,16204.0590278,3.2
36.76853,11.4924,16204.0611111,3.2
36.76579,11.49318,16204.0638889,3.1
36.76362,11.493789999999999,16204.0652778,3.1
36.76075,11.4945,16204.068055599999,3.2
36.75694,11.4955,16204.0708333,2.7
36.75445,11.4961,16204.072916699999,3.4
36.7529,11.49647,16204.0743056,3.5
36.75005,11.49726,16204.0770833,2.8
36.74584,11.49883,16204.0805556,4.6
36.74413,11.49944,16204.0819444,3.4
36.74183,11.50027,16204.0840278,3.2
36.73628,11.50254,16204.0888889,3.1
36.73454,11.50324,16204.0902778,2.5
36.730509999999995,11.50498,16204.09375,1.4
36.727940000000004,11.506089999999999,16204.0965278,3.0
36.71501,11.512030000000001,16204.1083333,2.8
36.71435,11.51198,16204.1118056,1.6
36.71474,11.51171,16204.1131944,1.3
36.71519,11.511389999999999,16204.114583300001,2.5
36.71577,11.51099,16204.1166667,0.8
36.71629,11.510710000000001,16204.119444400001,2.1
36.71564,11.510869999999999,16204.120833300001,1.9
36.71496,11.51108,16204.1222222,2.9
36.71451,11.511280000000001,16204.1243056,1.0
36.71188,11.51122,16204.1263889,3.2
36.71091,11.50997,16204.1277778,5.1
36.71206,11.5085,16204.129166699999,4.1
36.71438,11.50675,16204.13125,1.9
36.71693,11.504380000000001,16204.1333333,3.8
36.719609999999996,11.5004,16204.1361111,4.1
36.72165,11.49649,16204.1381944,4.5
36.72446,11.49271,16204.1402778,5.4
36.72572,11.49007,16204.1416667,3.6
36.727,11.4882,16204.1430556,4.2
36.72878,11.48363,16204.1451389,5.4
36.72974,11.47788,16204.1479167,5.7
36.72985,11.47146,16204.15,5.2
36.73101,11.46648,16204.152083300001,3.9
36.73218,11.461730000000001,16204.1541667,6.3
36.733059999999995,11.45934,16204.1555556,4.1
36.73471,11.4556,16204.1576389,5.2
36.73605,11.45317,16204.1590278,3.2
36.73717,11.45107,16204.160416699999,4.1
36.73868,11.44631,16204.1625,4.9
36.74029,11.44435,16204.1638889,5.7
36.74411,11.4374,16204.1680556,2.6
36.74838,11.43084,16204.1715278,3.7
36.75152,11.42575,16204.175,3.5
36.753370000000004,11.422880000000001,16204.1777778,6.3
36.7245,11.44332,16204.1888889,7.8
36.71524,11.44933,16204.1923611,8.1
36.7095,11.4538,16204.1951389,8.2
36.70192,11.46004,16204.197916699999,6.5
36.6972,11.46455,16204.2,7.9
36.69168,11.46904,16204.2020833,7.8
36.687059999999995,11.4725,16204.2041667,8.4
36.68359,11.47668,16204.2055556,6.0
36.67889,11.48203,16204.208333300001,8.4
36.67407,11.48814,16204.2104167,6.6
36.66722,11.4925,16204.213194400001,7.4
36.66171,11.49761,16204.2152778,6.5
36.65607,11.50314,16204.2180556,6.0
36.65147,11.507819999999999,16204.2201389,6.5
36.647690000000004,11.51378,16204.2222222,7.4
36.64985,11.51488,16204.224305599999,4.5
36.65278,11.5149,16204.2263889,3.3
36.658840000000005,11.51415,16204.229166699999,6.7
36.66257,11.51412,16204.23125,3.4
36.663340000000005,11.51425,16204.232638899999,1.8
36.66516,11.51389,16204.2347222,3.7
36.666470000000004,11.51412,16204.2368056,2.2
36.6689,11.513860000000001,16204.2388889,2.0
36.67048,11.51398,16204.240972200001,2.2
36.67293,11.51407,16204.2430556,3.8
36.67426,11.5143,16204.244444400001,0.2
36.67546,11.51415,16204.245833300001,3.2
36.67686,11.51426,16204.2472222,2.4
36.67825,11.51463,16204.2486111,3.0
36.67961,11.51448,16204.25,2.4
36.682190000000006,11.5148,16204.2527778,3.7
36.6838,11.51459,16204.254166699999,3.5
36.68578,11.5146,16204.25625,2.4
36.68833,11.51489,16204.2583333,1.7
36.68967,11.51484,16204.2597222,3.7
36.69106,11.51493,16204.2611111,1.9
36.69365,11.51481,16204.263888899999,3.2
36.69598,11.51475,16204.2659722,2.9
36.697390000000006,11.51473,16204.267361100001,2.6
36.69872,11.51458,16204.26875,1.2
36.700070000000004,11.51436,16204.2701389,3.2
36.70169,11.51425,16204.2715278,2.7
36.702940000000005,11.5143,16204.2729167,2.4
36.70436,11.5142,16204.2743056,1.2
36.705459999999995,11.51425,16204.275694400001,3.5
36.70704,11.51405,16204.277083300001,3.1
36.70855,11.5137,16204.2791667,2.9
36.71107,11.51303,16204.28125,3.4
36.71354,11.51213,16204.2840278,3.1
36.71575,11.51122,16204.2861111,3.3
36.71698,11.510869999999999,16204.2875,1.0
36.71836,11.51052,16204.2888889,1.6
36.72013,11.51021,16204.2909722,2.9
36.72305,11.50946,16204.29375,0.7
36.7246,11.50911,16204.295138899999,2.2
36.727,11.50869,16204.2979167,3.0
36.7293,11.50817,16204.3,3.1
36.73044,11.50762,16204.3013889,3.4
36.73174,11.50699,16204.3027778,3.4
36.73299,11.50623,16204.3041667,0.5
36.73423,11.50549,16204.3055556,2.4
36.73537,11.50488,16204.306944400001,2.2
36.73752,11.503680000000001,16204.3097222,2.1
36.73989,11.50295,16204.3125,3.2
36.7422,11.50212,16204.3145833,2.7
36.74455,11.501619999999999,16204.3173611,1.2
36.74629,11.50119,16204.31875,3.5
36.74772,11.50071,16204.3208333,2.4
36.75023,11.49985,16204.3236111,1.9
36.75281,11.49896,16204.326388899999,1.4
36.75478,11.49796,16204.3284722,3.3
36.75715,11.496889999999999,16204.33125,2.9
36.75959,11.49591,16204.333333300001,2.2
36.760870000000004,11.495510000000001,16204.334722200001,2.2
36.762170000000005,11.49512,16204.3361111,3.1
36.76337,11.494660000000001,16204.3375,2.2
36.76569,11.494010000000001,16204.3402778,1.6
36.76789,11.49348,16204.3423611,2.2
36.77073,11.492510000000001,16204.3458333,3.1
36.773109999999996,11.49185,16204.3486111,2.8
36.77525,11.49088,16204.3506944,2.6
36.777440000000006,11.48956,16204.3534722,2.6
36.77981,11.48884,16204.3555556,3.5
36.7812,11.48853,16204.3569444,3.0
36.782340000000005,11.48818,16204.3583333,3.2
36.7837,11.48785,16204.3597222,4.0
36.78496,11.48744,16204.361111100001,2.8
36.78638,11.4869,16204.3625,3.1
36.78737,11.48661,16204.3638889,3.1
36.788940000000004,11.48625,16204.3652778,2.4
36.79015,11.485610000000001,16204.3666667,2.7
36.79145,11.48519,16204.3680556,2.7
36.79271,11.48497,16204.369444400001,2.9
36.79442,11.48462,16204.3715278,2.3
36.79583,11.48427,16204.3729167,2.8
36.79708,11.48381,16204.3743056,2.6
36.79919,11.48317,16204.3770833,3.8
36.80193,11.482439999999999,16204.3798611,3.5
36.804359999999996,11.481580000000001,16204.3826389,3.3
36.80672,11.48062,16204.3847222,2.6
36.80789,11.48015,16204.3861111,2.7
36.81054,11.47898,16204.3895833,3.8
36.812909999999995,11.477730000000001,16204.392361100001,2.6
36.815259999999995,11.47701,16204.3944444,4.1
36.81642,11.47665,16204.395833300001,2.2
36.81878,11.47593,16204.3986111,1.1
36.819109999999995,11.475810000000001,16204.4013889,3.3
36.81641,11.47648,16204.4041667,3.0
36.81518,11.47684,16204.4055556,0.8
36.81456,11.477360000000001,16204.4069444,2.8
36.81406,11.47785,16204.4083333,1.0
36.81353,11.47851,16204.410416699999,2.4
36.813109999999995,11.48029,16204.4131944,1.8
36.81395,11.47676,16204.415277799999,5.4
36.81426,11.474160000000001,16204.416666699999,4.1
36.8163,11.469510000000001,16204.4194444,4.3
36.81709,11.46518,16204.4215278,4.1
36.81862,11.4601,16204.423611100001,4.8
36.82015,11.45503,16204.4263889,4.6
36.82141,11.45043,16204.428472200001,4.3
36.82221,11.446819999999999,16204.4305556,5.2
36.823240000000006,11.442789999999999,16204.4326389,3.5
36.82472,11.438139999999999,16204.4347222,4.7
36.82627,11.43375,16204.4368056,5.0
36.82693,11.43099,16204.4381944,4.0
36.82723,11.42753,16204.4395833,4.9
36.8287,11.42409,16204.441666699999,4.2
36.829390000000004,11.41972,16204.44375,3.3
36.83027,11.4164,16204.4451389,4.2
36.83185,11.41035,16204.447916699999,5.0
36.833090000000006,11.40765,16204.4493056,3.1
36.83348,11.4054,16204.4506944,3.7
36.83527,11.400139999999999,16204.4534722,4.9
36.81094,11.41258,16204.4652778,8.9
36.80725,11.41574,16204.4666667,7.3
36.800329999999995,11.41976,16204.4694444,7.9
36.79637,11.422839999999999,16204.4708333,7.6
36.7926,11.425510000000001,16204.4722222,7.5
36.78837,11.42839,16204.4736111,8.9
36.7809,11.43335,16204.4763889,8.4
36.77268,11.43945,16204.4798611,7.5
36.76449,11.44473,16204.482638899999,8.9
36.755990000000004,11.45185,16204.4854167,7.8
36.751290000000004,11.45451,16204.4875,9.3
36.7449,11.46065,16204.489583300001,7.7
36.74106,11.463330000000001,16204.490972200001,7.2
36.73802,11.4671,16204.4923611,8.5
36.73512,11.46968,16204.49375,7.6
36.73055,11.47533,16204.495833300001,7.8
36.7213,11.489989999999999,16204.5006944,9.9
36.71859,11.49538,16204.5020833,0.1
36.72084,11.49531,16204.5034722,7.3
36.722609999999996,11.495510000000001,16204.5048611,3.0
36.72783,11.49578,16204.5069444,7.1
36.73115,11.495999999999999,16204.5083333,6.2
36.73271,11.49581,16204.5097222,3.6
36.73349,11.49569,16204.5118056,1.9
36.73545,11.49576,16204.5145833,1.0
36.7378,11.49579,16204.5166667,1.5
36.73903,11.49576,16204.5180556,1.5
36.740429999999996,11.49559,16204.5201389,2.1
36.74304,11.495280000000001,16204.5229167,1.3
36.7457,11.49483,16204.525,2.3
36.74785,11.4946,16204.527083300001,3.1
36.74915,11.4943,16204.5284722,2.1
36.75049,11.49397,16204.5298611,2.2
36.75188,11.49375,16204.53125,3.3
36.75335,11.493739999999999,16204.5326389,3.6
36.755,11.49354,16204.5347222,1.9
36.75747,11.493089999999999,16204.536805599999,2.1
36.76027,11.49258,16204.5395833,3.0
36.7626,11.4922,16204.541666699999,3.2
36.76515,11.4918,16204.5444444,3.6
36.76749,11.49123,16204.5465278,3.5
36.7682,11.491010000000001,16204.5479167,2.4
36.77042,11.49071,16204.5493056,2.5
36.771770000000004,11.49061,16204.5506944,3.3
36.77453,11.49024,16204.553472200001,1.7
36.77687,11.48996,16204.5555556,1.4
36.77897,11.4896,16204.5576389,3.7
36.78148,11.48901,16204.5604167,3.2
36.78432,11.48828,16204.5631944,3.3
36.78731,11.48743,16204.5659722,3.5
36.79,11.48664,16204.56875,2.6
36.79289,11.48576,16204.571527799999,1.5
36.79557,11.484960000000001,16204.5743056,3.8
36.79807,11.48453,16204.576388899999,3.4
36.800670000000004,11.483939999999999,16204.5791667,1.6
36.80373,11.4833,16204.5819444,2.8
36.806470000000004,11.482619999999999,16204.5840278,3.9
36.80774,11.48231,16204.5854167,3.3
36.80919,11.48189,16204.5868056,2.4
36.81061,11.48135,16204.588194400001,2.0
36.81208,11.48088,16204.589583300001,3.2
36.81374,11.480319999999999,16204.5909722,2.4
36.81622,11.479289999999999,16204.59375,2.7
36.81875,11.47839,16204.5958333,3.1
36.82127,11.47744,16204.5986111,2.6
36.82415,11.47672,16204.6013889,4.1
36.82584,11.47611,16204.602777799999,2.9
36.82815,11.47531,16204.6048611,3.6
36.82971,11.474860000000001,16204.60625,2.8
36.831070000000004,11.47433,16204.607638899999,3.0
36.8324,11.47375,16204.6090278,3.6
36.83463,11.4726,16204.611111100001,1.7
36.83595,11.47175,16204.6125,2.3
36.837309999999995,11.47085,16204.6138889,3.7
36.83871,11.46989,16204.6152778,2.9
36.84069,11.46844,16204.6173611,3.1
36.84214,11.467419999999999,16204.619444400001,4.0
36.84366,11.46647,16204.620833300001,3.5
36.846070000000005,11.46465,16204.6236111,3.8
36.84835,11.46314,16204.6256944,3.4
36.84959,11.46241,16204.6270833,3.8
36.85075,11.46167,16204.6284722,3.4
36.852059999999994,11.46089,16204.6298611,2.4
36.85344,11.46005,16204.63125,2.0
36.85471,11.45941,16204.6326389,3.1
36.85626,11.45851,16204.634027799999,3.4
36.857440000000004,11.45768,16204.635416699999,1.6
36.8566,11.45818,16204.6368056,3.1
36.85434,11.45936,16204.6395833,3.7
36.85321,11.46049,16204.642361100001,1.7
36.85314,11.46106,16204.64375,1.8
36.85285,11.46152,16204.6451389,2.4
36.85293,11.46292,16204.647222200001,1.8
36.85232,11.46418,16204.65,7.1
36.84552,11.4662,16204.6527778,8.0
36.83902,11.46968,16204.6548611,9.7
36.83501,11.47102,16204.65625,6.7
36.8333,11.471630000000001,16204.6576389,3.6
36.8323,11.4722,16204.6590278,2.9
36.83127,11.47263,16204.660416699999,2.3
36.8298,11.472999999999999,16204.6625,3.7
36.826809999999995,11.47367,16204.665277799999,2.8
36.82405,11.47452,16204.6680556,3.6
36.82206,11.475010000000001,16204.6694444,2.1
36.82026,11.475589999999999,16204.6715278,3.5
36.815509999999996,11.477210000000001,16204.6756944,2.6
36.81355,11.47798,16204.6777778,2.5
36.81196,11.478639999999999,16204.6791667,3.0
36.8101,11.47937,16204.68125,4.2
36.806670000000004,11.48092,16204.6840278,4.0
36.80519,11.48152,16204.6854167,2.7
36.80345,11.48227,16204.6875,2.6
36.80075,11.483419999999999,16204.6895833,2.8
36.79937,11.48392,16204.6909722,1.8
36.79766,11.484639999999999,16204.693055599999,2.7
36.79503,11.486080000000001,16204.6951389,3.1
36.79359,11.48697,16204.696527799999,3.1
36.79205,11.48789,16204.697916699999,3.4
36.78988,11.48916,16204.7,2.8
36.787659999999995,11.49051,16204.7020833,3.1
36.786120000000004,11.49152,16204.7041667,1.3
36.7839,11.493039999999999,16204.70625,3.2
36.78167,11.49461,16204.708333300001,3.5
36.77948,11.49587,16204.7104167,3.4
36.77749,11.49693,16204.7125,3.1
36.77442,11.49853,16204.7152778,2.8
36.772529999999996,11.499410000000001,16204.7166667,2.8
36.770790000000005,11.50028,16204.71875,2.4
36.76765,11.50189,16204.7215278,3.0
36.76577,11.502839999999999,16204.722916699999,4.0
36.76427,11.50356,16204.724305599999,3.0
36.7609,11.50488,16204.727777799999,2.4
36.75889,11.505510000000001,16204.729166699999,3.4
36.75649,11.506160000000001,16204.73125,3.3
36.75395,11.506860000000001,16204.7333333,3.8
36.75235,11.50728,16204.7347222,3.1
36.75101,11.50758,16204.736111100001,3.3
36.74925,11.50793,16204.7375,2.3
36.74658,11.50849,16204.7402778,3.4
36.743759999999995,11.509,16204.7423611,3.2
36.74204,11.5093,16204.74375,2.4
36.73985,11.50961,16204.745833300001,3.0
36.73702,11.5101,16204.7479167,2.9
36.735690000000005,11.51037,16204.7493056,3.3
36.7326,11.51111,16204.7520833,3.3
36.72953,11.51191,16204.7548611,3.0
36.72875,11.51213,16204.7569444,2.1
36.72421,11.51336,16204.759027799999,3.2
36.72272,11.513739999999999,16204.760416699999,3.3
36.721,11.51426,16204.7618056,3.1
36.71942,11.51477,16204.7631944,3.5
36.71741,11.51539,16204.7652778,3.4
36.71567,11.51592,16204.7666667,3.4
36.7134,11.516630000000001,16204.76875,2.0
36.71089,11.51742,16204.770833300001,3.5
36.709179999999996,11.51791,16204.772222200001,3.6
36.70747,11.51839,16204.7736111,3.5
36.70599,11.51875,16204.775,2.4
36.70452,11.519039999999999,16204.7763889,3.3
36.70293,11.51936,16204.7777778,2.6
36.70028,11.519860000000001,16204.7798611,3.1
36.69872,11.52024,16204.78125,2.6
36.69599,11.52083,16204.7840278,3.1
36.69305,11.52148,16204.786805599999,2.2
36.69189,11.52182,16204.7881944,2.4
36.69359,11.521469999999999,16204.790277799999,0.8
36.6958,11.52088,16204.7930556,1.1
36.696459999999995,11.52086,16204.7958333,1.7
36.69617,11.52125,16204.798611100001,1.5
36.69437,11.52213,16204.8006944,3.9
36.69291,11.52218,16204.802083300001,6.3
36.68888,11.52242,16204.803472200001,7.6
36.68398,11.522210000000001,16204.8055556,4.2
36.66977,11.523769999999999,16204.8125,0.2
36.66788,11.5242,16204.8145833,2.6
36.66465,11.524460000000001,16204.8173611,2.7
36.66283,11.52454,16204.81875,2.9
36.66147,11.524569999999999,16204.8201389,3.5
36.659859999999995,11.52463,16204.821527799999,2.8
36.65722,11.52475,16204.8236111,3.2
36.65374,11.52493,16204.8270833,3.0
36.651340000000005,11.52512,16204.8291667,3.3
36.64933,11.52529,16204.8305556,3.4
36.64734,11.52549,16204.8326389,3.9
36.64481,11.525689999999999,16204.834722200001,3.2
36.6424,11.52588,16204.8368056,2.7
36.63943,11.52604,16204.839583300001,3.9
36.63501,11.52633,16204.8430556,2.7
36.63323,11.52631,16204.8444444,2.9
36.631159999999994,11.52635,16204.8465278,3.4
36.62919,11.52634,16204.847916699999,3.4
36.62336,11.52605,16204.852777799999,3.9
36.61869,11.525830000000001,16204.8569444,3.6
36.61645,11.525739999999999,16204.8583333,3.6
36.61421,11.525739999999999,16204.8604167,3.0
36.61227,11.52565,16204.8618056,3.1
36.60922,11.52559,16204.864583300001,3.4
36.60752,11.52561,16204.865972200001,2.4
36.60434,11.52571,16204.86875,2.1
36.601459999999996,11.525889999999999,16204.870833300001,3.3
36.60007,11.526010000000001,16204.8722222,3.1
36.59841,11.52604,16204.8736111,3.3
36.59646,11.526019999999999,16204.875,2.5
36.592859999999995,11.52597,16204.8784722,3.4
36.58828,11.52616,16204.8819444,3.0
36.58607,11.52622,16204.884027799999,3.4
36.57338,11.52692,16204.8944444,3.1
36.57147,11.526769999999999,16204.895833300001,2.7
36.56997,11.52673,16204.897222200001,2.9
36.56857,11.526589999999999,16204.8986111,4.0
36.56667,11.526489999999999,16204.9,2.6
36.56473,11.52628,16204.902083300001,3.0
36.562529999999995,11.5261,16204.9034722,3.6
36.55993,11.52613,16204.90625,3.4
36.555659999999996,11.52623,16204.9097222,4.8
36.54218,11.5268,16204.9208333,3.5
36.52965,11.52698,16204.931944400001,4.1
36.5215,11.52696,16204.9388889,3.7
36.52458,11.528080000000001,16204.9486111,1.5
36.52387,11.52937,16204.9527778,0.4
36.510659999999994,11.530560000000001,16204.959722200001,9.9
36.507509999999996,11.524410000000001,16204.963194400001,3.4
36.500840000000004,11.517710000000001,16204.9659722,4.6
36.4979,11.51717,16204.96875,0.8
36.49511,11.51648,16204.9715278,2.3
36.49377,11.51578,16204.972916699999,4.1
36.49192,11.514569999999999,16204.975,3.2
36.49055,11.51352,16204.9763889,4.4
36.48237,11.50484,16204.9868056,2.4
36.47895,11.50044,16204.990972200001,2.7
36.477059999999994,11.497530000000001,16204.99375,2.4
36.4754,11.49514,16204.995833300001,2.7
36.469609999999996,11.48845,16205.0034722,3.0
36.46792,11.487169999999999,16205.0048611,3.6
36.465579999999996,11.48532,16205.0076389,3.1
36.46385,11.48397,16205.009027799999,3.1
36.44563,11.470180000000001,16205.0284722,2.3
36.44254,11.4683,16205.03125,3.0
36.44064,11.46716,16205.0333333,2.8
36.43736,11.46513,16205.0361111,2.9
36.43438,11.463280000000001,16205.0395833,2.6
36.46445,11.46434,16205.1006944,3.0
36.47055,11.463239999999999,16205.1055556,2.4
36.49269,11.460230000000001,16205.1256944,1.7
36.509859999999996,11.45967,16205.1402778,3.8
36.533590000000004,11.46819,16205.1722222,2.9
36.53569,11.468689999999999,16205.1743056,2.7
36.53711,11.46885,16205.1756944,2.2
36.53935,11.46927,16205.178472200001,2.4
36.54589,11.47061,16205.1840278,3.3
36.54998,11.47176,16205.1875,2.4
36.55322,11.4728,16205.1909722,0.9
36.56413,11.47586,16205.2006944,2.8
36.56733,11.47676,16205.2034722,3.4
36.57056,11.47766,16205.20625,2.6
36.57334,11.47851,16205.2090278,1.4
36.5765,11.47942,16205.2118056,2.7
36.57822,11.47982,16205.213194400001,3.1
36.57979,11.48022,16205.214583300001,2.7
36.582640000000005,11.480960000000001,16205.2173611,1.8
36.58535,11.48166,16205.2194444,3.4
36.587709999999994,11.48219,16205.2215278,3.3
36.59017,11.48274,16205.2236111,3.4
36.59189,11.48316,16205.2256944,2.7
36.59452,11.4838,16205.227777799999,3.1
36.59601,11.48419,16205.229166699999,2.9
36.598209999999995,11.48498,16205.23125,3.5
36.60115,11.48598,16205.2340278,2.2
36.60382,11.487039999999999,16205.2368056,3.6
36.60648,11.48806,16205.2388889,4.0
36.60887,11.48892,16205.240972200001,3.5
36.61047,11.4897,16205.2423611,2.4
36.61172,11.49035,16205.24375,3.2
36.61435,11.491489999999999,16205.2465278,2.8
36.617090000000005,11.492280000000001,16205.2486111,3.3
36.61865,11.49268,16205.25,3.0
36.62107,11.4933,16205.2520833,3.4
36.62249,11.4937,16205.2534722,2.5
36.62395,11.49415,16205.2548611,2.1
36.626540000000006,11.4949,16205.2576389,2.7
36.62928,11.495569999999999,16205.2597222,3.3
36.63216,11.496210000000001,16205.2625,1.5
36.63498,11.496830000000001,16205.2652778,3.3
36.6381,11.49747,16205.2680556,2.8
36.64103,11.49808,16205.2701389,3.3
36.64217,11.49831,16205.2715278,3.3
36.6448,11.49878,16205.2743056,3.7
36.64747,11.49929,16205.2763889,1.0
36.64999,11.49981,16205.2784722,3.6
36.65129,11.50003,16205.2798611,3.1
36.64917,11.49966,16205.2826389,2.8
36.64666,11.49916,16205.2847222,3.9
36.64577,11.49953,16205.2875,2.4
36.64544,11.499789999999999,16205.2888889,2.5
36.64526,11.5004,16205.290277799999,0.9
36.64516,11.50126,16205.2923611,0.4
36.64853,11.50198,16205.2944444,4.2
36.65333,11.50164,16205.2972222,1.7
36.660509999999995,11.50088,16205.3,7.0
36.66401,11.50008,16205.302083300001,3.6
36.66608,11.49955,16205.3048611,1.8
36.66738,11.499360000000001,16205.30625,2.2
36.66899,11.499039999999999,16205.3076389,3.5
36.67038,11.49884,16205.3090278,2.1
36.67175,11.49868,16205.3104167,3.1
36.67281,11.49854,16205.3118056,2.8
36.67465,11.498330000000001,16205.3131944,3.2
36.67589,11.49826,16205.3145833,3.3
36.67892,11.49788,16205.3173611,3.4
36.682109999999994,11.497489999999999,16205.3201389,2.3
36.68507,11.49702,16205.322916699999,3.3
36.68847,11.496410000000001,16205.3256944,3.3
36.690059999999995,11.496189999999999,16205.3270833,3.1
36.69164,11.49601,16205.3284722,3.0
36.69321,11.49587,16205.329861100001,3.2
36.695840000000004,11.49572,16205.3319444,3.5
36.69765,11.4956,16205.3340278,2.7
36.70033,11.49543,16205.3361111,3.2
36.70284,11.49555,16205.338194400001,3.3
36.70411,11.49564,16205.339583300001,3.6
36.70647,11.49566,16205.3416667,3.1
36.70823,11.4957,16205.3430556,2.5
36.70953,11.49573,16205.3444444,3.1
36.7123,11.4958,16205.3472222,3.5
36.714729999999996,11.49576,16205.349305599999,3.1
36.71761,11.49579,16205.3513889,3.1
36.71929,11.4958,16205.352777799999,3.5
36.72071,11.4958,16205.354166699999,3.5
36.72211,11.49575,16205.3555556,2.6
36.723690000000005,11.49578,16205.3569444,3.0
36.72549,11.49583,16205.3590278,1.9
36.72847,11.496039999999999,16205.361111100001,3.3
36.7299,11.496080000000001,16205.3625,3.3
36.73133,11.49597,16205.3638889,3.3
36.73281,11.49565,16205.3652778,3.2
36.735459999999996,11.49488,16205.3680556,3.2
36.73827,11.49398,16205.3701389,3.5
36.73946,11.49364,16205.3715278,3.5
36.74215,11.49275,16205.3743056,2.9
36.74527,11.4916,16205.3770833,2.9
36.74788,11.49066,16205.379166699999,3.3
36.74949,11.490210000000001,16205.380555599999,2.7
36.75095,11.489889999999999,16205.3819444,2.7
36.75253,11.48944,16205.384027799999,3.1
36.75485,11.48883,16205.3861111,3.1
36.75755,11.48824,16205.3881944,1.3
36.7589,11.4878,16205.3895833,3.4
36.76023,11.48738,16205.3909722,3.7
36.76254,11.48664,16205.3930556,3.1
36.76413,11.486139999999999,16205.3944444,2.8
36.76534,11.48578,16205.395833300001,3.1
36.76814,11.484919999999999,16205.3986111,2.0
36.77094,11.48413,16205.4013889,2.8
36.77349,11.483369999999999,16205.4034722,3.3
36.771359999999994,11.48402,16205.40625,2.9
36.768240000000006,11.484630000000001,16205.4090278,3.9
36.76775,11.48536,16205.411805599999,1.2
36.76729,11.48649,16205.4145833,1.0
36.76729,11.487860000000001,16205.416666699999,3.7
36.77178,11.49001,16205.4194444,4.9
36.77644,11.48977,16205.4215278,7.1
36.7834,11.48909,16205.423611100001,4.7
36.78529,11.48874,16205.425,1.0
36.78666,11.48852,16205.427083300001,2.8
36.7887,11.48811,16205.4298611,2.3
36.7913,11.48761,16205.4326389,2.8
36.79396,11.487169999999999,16205.4354167,3.3
36.79679,11.48663,16205.4381944,3.1
36.79945,11.4859,16205.4402778,2.4
36.800670000000004,11.4857,16205.441666699999,3.1
36.80216,11.4856,16205.443055599999,2.6
36.80373,11.48541,16205.4444444,2.5
36.80526,11.4853,16205.4458333,2.7
36.80669,11.48508,16205.4472222,2.5
36.80818,11.484910000000001,16205.4486111,2.8
36.81192,11.48427,16205.4520833,2.7
36.81362,11.483830000000001,16205.4534722,3.1
36.815059999999995,11.48333,16205.454861100001,3.6
36.81675,11.48274,16205.4569444,3.1
36.81859,11.48213,16205.458333300001,2.4
36.82107,11.48118,16205.4611111,3.1
36.82413,11.48012,16205.4638889,3.3
36.82677,11.479289999999999,16205.4659722,3.4
36.82824,11.478860000000001,16205.4673611,3.1
36.82947,11.478530000000001,16205.46875,3.3
36.83139,11.4778,16205.4708333,3.3
36.83436,11.476469999999999,16205.4736111,3.4
36.837509999999995,11.47514,16205.4763889,2.8
36.839929999999995,11.47414,16205.4784722,3.5
36.84173,11.47337,16205.4805556,2.8
36.84383,11.472610000000001,16205.482638899999,4.0
36.84655,11.47161,16205.4854167,3.7
36.849109999999996,11.47073,16205.4875,3.0
36.85083,11.47012,16205.489583300001,3.4
36.85393,11.46884,16205.4923611,2.5
36.85644,11.46775,16205.4951389,3.9
36.85815,11.467,16205.4965278,3.2
36.86005,11.46612,16205.4986111,2.8
36.861999999999995,11.46527,16205.5,4.4
36.86437,11.46423,16205.5027778,3.3
36.8688,11.46237,16205.5069444,2.0
36.8709,11.46154,16205.509027799999,3.1
36.87403,11.46044,16205.5118056,2.6
36.87677,11.45925,16205.5145833,3.1
36.879459999999995,11.45828,16205.517361100001,3.2
36.8818,11.45737,16205.5194444,3.0
36.88515,11.45599,16205.522222200001,2.9
36.88505,11.45624,16205.5243056,2.7
36.88265,11.45755,16205.527083300001,5.2
36.88123,11.45872,16205.5298611,0.5
36.88118,11.45942,16205.53125,1.9
36.88078,11.46009,16205.5326389,1.9
36.88074,11.462019999999999,16205.535416699999,3.2
36.88169,11.46292,16205.536805599999,5.4
36.88541,11.4607,16205.5388889,4.6
36.88967,11.45784,16205.541666699999,7.7
36.896390000000004,11.453339999999999,16205.54375,6.9
36.89857,11.45226,16205.5458333,2.4
36.89973,11.451880000000001,16205.5472222,3.1
36.90028,11.45146,16205.5493056,2.5
36.90238,11.450239999999999,16205.5506944,2.3
36.90361,11.449539999999999,16205.552083300001,2.3
36.90486,11.44875,16205.553472200001,2.2
36.906940000000006,11.44743,16205.5555556,2.7
36.90807,11.44675,16205.556944400001,3.1
36.90941,11.445889999999999,16205.558333300001,3.2
36.910759999999996,11.445160000000001,16205.5597222,2.5
36.9121,11.44431,16205.5611111,2.9
36.91356,11.44347,16205.5625,2.5
36.91482,11.44271,16205.5638889,3.5
36.91619,11.44183,16205.5652778,3.4
36.91865,11.44029,16205.568055599999,3.4
36.92099,11.43886,16205.5701389,3.4
36.92327,11.437610000000001,16205.5722222,3.3
36.9255,11.43639,16205.5743056,3.2
36.92674,11.43564,16205.5756944,3.1
36.92841,11.434619999999999,16205.5777778,3.4
36.93096,11.43329,16205.579861100001,3.2
36.93351,11.43217,16205.5819444,3.1
36.93525,11.43158,16205.5840278,3.2
36.93752,11.43093,16205.5861111,2.0
36.9432,11.429789999999999,16205.5909722,2.5
36.94446,11.42957,16205.5930556,2.5
36.94785,11.42869,16205.5951389,2.9
36.9491,11.428339999999999,16205.5965278,3.2
36.950759999999995,11.42799,16205.597916699999,2.9
36.953109999999995,11.4271,16205.6006944,3.1
36.95491,11.42637,16205.6020833,3.0
36.95633,11.4257,16205.6034722,2.7
36.957770000000004,11.42499,16205.6048611,3.0
36.95928,11.42427,16205.60625,2.8
36.960879999999996,11.423580000000001,16205.607638899999,2.8
36.962309999999995,11.42307,16205.6090278,3.0
36.96363,11.42258,16205.6104167,2.2
36.96575,11.42177,16205.6125,2.2
36.968090000000004,11.4203,16205.6152778,3.2
36.97033,11.41879,16205.6173611,3.3
36.972770000000004,11.41716,16205.6201389,2.3
36.9748,11.41516,16205.6222222,3.2
36.976,11.41404,16205.6236111,2.3
36.97735,11.41262,16205.625,2.4
36.978559999999995,11.41156,16205.6263889,2.9
36.98001,11.41027,16205.6284722,2.5
36.982659999999996,11.40741,16205.63125,2.5
36.98509,11.40508,16205.634027799999,3.4
36.9863,11.40381,16205.635416699999,3.9
36.9878,11.40275,16205.6375,3.1
36.98975,11.40134,16205.6395833,3.1
36.99475,11.39701,16205.6451389,2.9
36.999340000000004,11.39333,16205.65,3.9
37.02175,11.43057,16205.681944400001,3.1
37.02576,11.42981,16205.6861111,2.1
37.02802,11.42972,16205.6888889,3.4
37.03046,11.429780000000001,16205.6909722,3.5
37.07232,11.43331,16205.7284722,2.8
37.07418,11.4332,16205.7305556,2.9
37.076370000000004,11.4332,16205.732638899999,3.0
37.08732,11.43256,16205.7430556,2.8
37.089620000000004,11.43168,16205.7451389,2.4
37.10073,11.42687,16205.75625,3.2
37.312090000000005,11.15814,16206.4979167,2.1
37.310759999999995,11.16007,16206.504166699999,2.4
37.322559999999996,11.143989999999999,16206.5236111,2.6
37.32345,11.141580000000001,16206.525694400001,2.9
37.32465,11.13793,16206.5284722,2.2
37.3254,11.13607,16206.5298611,3.1
37.32607,11.13429,16206.53125,3.2
37.3276,11.130419999999999,16206.5347222,1.1
37.32967,11.12487,16206.5388889,3.1
37.33108,11.12134,16206.541666699999,2.7
37.33573,11.11059,16206.55,3.1
37.33643,11.10895,16206.5513889,3.1
37.337270000000004,11.10705,16206.5527778,3.2
37.337920000000004,11.1052,16206.5541667,3.2
37.3427,11.09169,16206.5645833,3.5
37.34375,11.08893,16206.566666699999,3.0
37.34469,11.08646,16206.568055599999,3.0
37.34552,11.08432,16206.5701389,2.6
37.35559,11.03512,16206.6131944,0.6
37.35067,11.04181,16206.6229167,7.2
37.34628,11.05611,16206.6270833,5.3
37.34765,11.049439999999999,16206.629166699999,6.9
37.34993,11.04265,16206.6319444,1.2
37.3497,11.03974,16206.6347222,2.2
37.34852,11.00988,16206.65625,3.4
37.34792,11.00008,16206.6631944,2.8
37.38945,10.851989999999999,16206.7375,8.9
37.39973,10.83062,16206.74375,8.2
37.40268,10.82448,16206.7451389,8.6
37.45292,10.70095,16206.777083300001,8.0
37.45615,10.68861,16206.7798611,9.2
37.457370000000004,10.67838,16206.7826389,4.0
37.45621,10.67571,16206.7840278,7.3
37.45534,10.67188,16206.7861111,7.7
37.45313,10.66545,16206.7895833,2.4
37.44917,10.654110000000001,16206.7993056,2.9
37.44704,10.650030000000001,16206.803472200001,2.5
37.445370000000004,10.64622,16206.8055556,2.9
37.44437,10.64392,16206.8076389,2.9
37.44295,10.64082,16206.8104167,2.9
37.44123,10.6368,16206.8131944,3.2
37.43,10.626539999999999,16206.8375,2.1
37.42798,10.62397,16206.839583300001,8.3
37.431020000000004,10.63842,16206.8465278,2.8
37.44313,10.66098,16206.8666667,2.9
37.446509999999996,10.665389999999999,16206.870833300001,2.6
37.44882,10.66805,16206.8736111,3.0
37.45127,10.669960000000001,16206.8763889,3.2
37.45355,10.67169,16206.8784722,3.1
37.45511,10.67249,16206.8798611,3.3
37.45731,10.6736,16206.8819444,3.0
37.45985,10.67455,16206.884027799999,3.2
37.46111,10.67503,16206.885416699999,3.5
37.463770000000004,10.67585,16206.8881944,2.2
37.46475,10.67631,16206.8895833,3.1
37.46196,10.6757,16206.892361100001,1.4
37.46143,10.6764,16206.8951389,0.1
37.46167,10.675469999999999,16206.9027778,3.7
37.451640000000005,10.67281,16206.9097222,3.5
37.450309999999995,10.67193,16206.9111111,2.6
37.44883,10.67123,16206.9125,3.0
37.44699,10.67044,16206.9145833,3.1
37.444,10.66897,16206.9173611,2.7
37.44249,10.66848,16206.91875,2.8
37.440979999999996,10.6679,16206.920138899999,2.5
37.43935,10.66731,16206.9215278,2.9
37.43797,10.6668,16206.9229167,2.7
37.43526,10.66569,16206.9256944,3.5
37.43349,10.665,16206.927083300001,3.3
37.43127,10.66412,16206.9291667,3.0
37.429790000000004,10.66346,16206.9305556,3.0
37.4283,10.66283,16206.931944400001,3.0
37.42668,10.66212,16206.933333300001,2.9
37.42505,10.66136,16206.9347222,2.6
37.42347,10.660919999999999,16206.9361111,2.6
37.42177,10.66083,16206.9381944,2.6
37.41662,10.66087,16206.9423611,3.1
37.41817,10.66235,16206.9472222,2.1
37.418079999999996,10.66301,16206.95,1.1
37.416779999999996,10.663739999999999,16206.9527778,2.0
37.414609999999996,10.6573,16206.9555556,8.1
37.41975,10.65657,16206.9576389,6.7
37.423629999999996,10.65657,16206.9590278,8.5
37.42545,10.656930000000001,16206.9604167,3.1
37.43332,10.657860000000001,16206.96875,2.9
37.435559999999995,10.65874,16206.9715278,2.8
37.43827,10.660680000000001,16206.9736111,3.2
37.43947,10.6617,16206.975,2.2
37.4421,10.66375,16206.977777799999,2.8
37.44506,10.66613,16206.9805556,2.8
37.44645,10.66719,16206.9819444,2.8
37.44767,10.66793,16206.9833333,3.3
37.45069,10.66955,16206.986111100001,2.0
37.453359999999996,10.67097,16206.9888889,2.1
37.456340000000004,10.672460000000001,16206.9916667,3.1
37.458079999999995,10.67334,16206.9930556,3.3
37.45957,10.67409,16206.994444400001,3.2
37.46128,10.67497,16206.995833300001,2.6
37.46264,10.67565,16206.9972222,2.8
37.46397,10.67635,16206.9986111,3.1
37.46581,10.677430000000001,16207.0006944,1.2
37.46328,10.67738,16207.0083333,1.3
37.506879999999995,10.505980000000001,16207.1958333,4.0
37.504259999999995,10.50663,16207.201388899999,1.2
37.50481,10.507060000000001,16207.2027778,1.1
37.50515,10.50726,16207.2041667,1.3
37.51245,10.50863,16207.2069444,4.7
37.5082,10.50912,16207.2090278,3.2
37.5028,10.50949,16207.2104167,9.6
37.49776,10.510539999999999,16207.2125,3.0
37.4967,10.51099,16207.2138889,3.1
37.495259999999995,10.511239999999999,16207.2159722,3.1
37.47359,10.50803,16207.3270833,3.0
37.47359,10.50803,16207.3270833,3.0
37.47497,10.508569999999999,16207.3284722,2.9
37.47497,10.508569999999999,16207.3284722,2.9
37.47638,10.50918,16207.329861100001,2.7
37.47638,10.50918,16207.329861100001,2.7
37.47785,10.50992,16207.33125,3.0
37.47785,10.50992,16207.33125,3.0
37.480709999999995,10.511439999999999,16207.3340278,2.8
37.480709999999995,10.511439999999999,16207.3340278,2.8
37.48328,10.51295,16207.3368056,3.1
37.48328,10.51295,16207.3368056,3.1
37.48565,10.514489999999999,16207.3388889,2.9
37.48565,10.514489999999999,16207.3388889,2.9
37.48717,10.5155,16207.3402778,2.6
37.48717,10.5155,16207.3402778,2.6
37.48896,10.51635,16207.3423611,3.1
37.48896,10.51635,16207.3423611,3.1
37.49223,10.51776,16207.3451389,3.0
37.49223,10.51776,16207.3451389,3.0
37.49369,10.51835,16207.3465278,2.5
37.49369,10.51835,16207.3465278,2.5
37.49675,10.51958,16207.349305599999,2.8
37.49675,10.51958,16207.349305599999,2.8
37.498540000000006,10.52026,16207.3513889,2.8
37.498540000000006,10.52026,16207.3513889,2.8
37.50134,10.52127,16207.3534722,3.3
37.50134,10.52127,16207.3534722,3.3
37.50274,10.52175,16207.3548611,2.8
37.50274,10.52175,16207.3548611,2.8
37.50439,10.522260000000001,16207.35625,2.5
37.50439,10.522260000000001,16207.35625,2.5
37.50606,10.52276,16207.3583333,1.9
37.50606,10.52276,16207.3583333,1.9
37.50358,10.52244,16207.3597222,3.7
37.50358,10.52244,16207.3597222,3.7
37.50091,10.5218,16207.3618056,1.8
37.50091,10.5218,16207.3618056,1.8
37.49977,10.52145,16207.3631944,0.5
37.49977,10.52145,16207.3631944,0.5
37.49951,10.52167,16207.3652778,0.8
37.49951,10.52167,16207.3652778,0.8
37.49924,10.52195,16207.3666667,1.6
37.49924,10.52195,16207.3666667,1.6
37.499359999999996,10.522739999999999,16207.3680556,1.9
37.499359999999996,10.522739999999999,16207.3680556,1.9
37.49953,10.52351,16207.3701389,1.0
37.49953,10.52351,16207.3701389,1.0
37.60367,10.69489,16207.4694444,1.3
37.60367,10.69489,16207.4694444,1.3
37.60382,10.694519999999999,16207.4715278,0.4
37.60382,10.694519999999999,16207.4715278,0.4
37.60422,10.69432,16207.4736111,0.8
37.61401,10.70319,16207.4833333,5.1
37.660070000000005,10.72891,16207.5701389,2.2
37.65873,10.7268,16207.572916699999,2.1
37.6578,10.72564,16207.575,2.0
37.65627,10.723939999999999,16207.5770833,2.5
37.654540000000004,10.72278,16207.5784722,2.4
37.653209999999994,10.72207,16207.579861100001,2.7
37.652029999999996,10.72152,16207.58125,3.2
37.6506,10.720310000000001,16207.5826389,2.7
37.649429999999995,10.719330000000001,16207.5840278,2.4
37.63921,10.71485,16207.59375,2.8
37.63754,10.71418,16207.5951389,3.2
37.63626,10.71262,16207.5965278,2.6
37.63491,10.71102,16207.5986111,1.8
37.63366,10.7092,16207.6,2.0
37.63205,10.70702,16207.6020833,2.8
37.62815,10.70198,16207.6069444,2.3
37.625809999999994,10.69925,16207.6097222,2.6
37.62466,10.69792,16207.611111100001,2.7
37.62253,10.69482,16207.6138889,3.4
37.62055,10.69155,16207.6166667,1.9
37.61912,10.68905,16207.61875,3.1
37.6181,10.68698,16207.6201389,2.9
37.61721,10.68524,16207.6215278,3.0
37.61654,10.683760000000001,16207.6229167,3.3
37.615140000000004,10.680480000000001,16207.6256944,3.5
37.61385,10.676789999999999,16207.6284722,2.7
37.612829999999995,10.67339,16207.630555599999,2.6
37.61172,10.670760000000001,16207.6326389,2.9
37.60347,10.65068,16207.6486111,2.8
37.60178,10.64683,16207.6513889,2.8
37.60001,10.6426,16207.6548611,3.2
37.59863,10.63902,16207.6576389,3.1
37.59735,10.635639999999999,16207.6597222,3.1
37.59667,10.63375,16207.6611111,3.1
37.59765,10.63476,16207.6625,3.3
37.59929,10.6381,16207.6645833,3.3
37.60015,10.63972,16207.666666699999,2.6
37.60156,10.64122,16207.6694444,2.2
37.60273,10.6411,16207.6722222,0.6
37.60477,10.64064,16207.6743056,3.1
37.60627,10.6402,16207.6756944,5.2
37.610240000000005,10.632010000000001,16207.6777778,9.8
37.61515,10.62171,16207.6805556,10.0
37.61871,10.61252,16207.6826389,9.8
37.62226,10.60097,16207.6847222,9.8
37.62489,10.59075,16207.6875,9.8
37.62719,10.58033,16207.6895833,10.0
37.62973,10.56821,16207.691666699999,10.4
37.62962,10.559389999999999,16207.69375,7.5
37.62791,10.555860000000001,16207.6958333,7.2
37.62211,10.55039,16207.697916699999,3.5
37.62148,10.54838,16207.7006944,2.4
37.62063,10.547360000000001,16207.7020833,1.1
37.618829999999996,10.54595,16207.704861100001,1.8
37.61674,10.54486,16207.7076389,2.1
37.6137,10.544130000000001,16207.7104167,2.2
37.61204,10.54343,16207.7118056,2.3
37.61068,10.54301,16207.713194400001,3.4
37.60805,10.54237,16207.7159722,3.0
37.6051,10.54133,16207.71875,3.4
37.60208,10.53989,16207.7215278,2.3
37.60041,10.53866,16207.722916699999,3.0
37.59837,10.53733,16207.725,3.1
37.59558,10.53679,16207.7270833,3.2
37.59398,10.53614,16207.7284722,3.0
37.59125,10.53383,16207.73125,2.3
37.589859999999994,10.53204,16207.7333333,2.9
37.57995,10.514619999999999,16207.7479167,2.4
37.579029999999996,10.51263,16207.7493056,3.1
37.57754,10.50968,16207.7520833,4.2
37.57628,10.506839999999999,16207.7534722,2.5
37.57586,10.50493,16207.7548611,3.1
37.57549,10.5027,16207.7569444,2.8
37.57485,10.49675,16207.7611111,2.5
37.57465,10.493889999999999,16207.7631944,2.6
37.57456,10.49088,16207.767361100001,2.8
37.57373,10.48488,16207.7701389,3.1
37.57335,10.48105,16207.7729167,3.3
37.5729,10.47707,16207.775694400001,3.4
37.57275,10.47523,16207.777083300001,2.8
37.57244,10.47147,16207.7798611,2.2
37.57261,10.47339,16207.7819444,3.3
37.57278,10.47531,16207.7840278,2.1
37.57309,10.47815,16207.786805599999,1.0
37.57416,10.47717,16207.79375,2.6
37.574670000000005,10.47534,16207.7965278,0.5
37.57857,10.47429,16207.798611100001,6.4
37.584270000000004,10.4737,16207.8006944,6.3
37.589459999999995,10.47147,16207.8027778,7.0
37.5967,10.470460000000001,16207.8048611,9.0
37.600559999999994,10.469339999999999,16207.80625,9.2
37.60569,10.46916,16207.8076389,8.5
37.61315,10.46853,16207.8097222,8.8
37.620779999999996,10.468,16207.8118056,9.3
37.624109999999995,10.46765,16207.8131944,5.8
37.62426,10.47215,16207.8152778,4.5
37.62262,10.47795,16207.8173611,8.4
37.6216,10.481630000000001,16207.8194444,0.6
37.62064,10.48449,16207.8222222,2.8
37.62008,10.48596,16207.8236111,1.5
37.619659999999996,10.48742,16207.825,2.1
37.61923,10.48912,16207.826388899999,2.3
37.618629999999996,10.49075,16207.8277778,2.7
37.61804,10.492230000000001,16207.8291667,2.2
37.61637,10.49468,16207.83125,3.5
37.61546,10.49602,16207.8326389,3.6
37.6144,10.49737,16207.8340278,3.6
37.612320000000004,10.49966,16207.8368056,3.4
37.61077,10.50146,16207.838194400001,3.0
37.60928,10.50282,16207.8402778,3.2
37.606590000000004,10.505239999999999,16207.8430556,3.3
37.60523,10.50677,16207.8444444,2.9
37.60376,10.50836,16207.8465278,2.2
37.6008,10.51096,16207.849305599999,2.9
37.59402,10.517389999999999,16207.8569444,3.4
37.59212,10.51938,16207.8590278,3.5
37.58955,10.52168,16207.8618056,3.1
37.58787,10.523480000000001,16207.8638889,1.1
37.58952,10.52203,16207.865972200001,4.2
37.590340000000005,10.52121,16207.8673611,1.2
37.59084,10.52158,16207.86875,1.8
37.59126,10.52143,16207.8701389,0.7
37.59179,10.52145,16207.8715278,2.9
37.59253,10.52229,16207.8729167,2.1
37.59109,10.52448,16207.875,7.4
37.58871,10.522039999999999,16207.8770833,4.1
37.59186,10.5167,16207.8798611,9.0
37.595209999999994,10.511989999999999,16207.8819444,3.0
37.59583,10.51097,16207.8833333,2.1
37.59669,10.50944,16207.8847222,3.2
37.59834,10.50699,16207.8868056,3.3
37.599309999999996,10.50568,16207.8881944,2.8
37.60047,10.50436,16207.8895833,2.7
37.6017,10.50312,16207.8909722,2.7
37.60333,10.5009,16207.8930556,2.5
37.604440000000004,10.49934,16207.8951389,2.7
37.60657,10.49633,16207.8979167,2.9
37.60849,10.493730000000001,16207.9,3.4
37.60955,10.49216,16207.9013889,3.0
37.6119,10.48987,16207.9041667,2.6
37.61312,10.488710000000001,16207.9055556,2.7
37.61546,10.48663,16207.9083333,3.1
37.617670000000004,10.48422,16207.910416699999,2.7
37.61878,10.48281,16207.911805599999,2.7
37.61977,10.4815,16207.9131944,3.2
37.6208,10.480210000000001,16207.9145833,2.9
37.6224,10.47804,16207.916666699999,3.2
37.62343,10.47649,16207.9180556,2.9
37.62532,10.47349,16207.9208333,2.6
37.62729,10.47079,16207.923611100001,3.0
37.62828,10.46958,16207.9256944,3.3
37.62645,10.47141,16207.928472200001,0.3
37.62666,10.470839999999999,16207.93125,0.5
37.62682,10.47025,16207.9340278,1.4
37.62765,10.46804,16207.9368056,1.3
37.6299,10.46585,16207.9388889,6.2
37.63275,10.46017,16207.9409722,6.6
37.63642,10.454889999999999,16207.943055599999,6.9
37.64125,10.447980000000001,16207.9458333,7.9
37.64533,10.44252,16207.947916699999,6.0
37.64999,10.43736,16207.95,6.7
37.6527,10.43415,16207.951388899999,7.6
37.65757,10.42816,16207.9534722,7.3
37.66261,10.42235,16207.9555556,8.0
37.66523,10.419839999999999,16207.9569444,7.3
37.67014,10.41392,16207.9590278,7.4
37.67491,10.40829,16207.9611111,7.5
37.677209999999995,10.40528,16207.9625,7.4
37.67933,10.39878,16207.964583300001,5.4
37.67883,10.3959,16207.9659722,7.5
37.67664,10.38943,16207.96875,8.4
37.67326,10.380989999999999,16207.9708333,5.7
37.67286,10.379669999999999,16207.9722222,2.0
37.67261,10.378110000000001,16207.974305599999,0.7
37.67207,10.37561,16207.9770833,2.3
37.67026,10.37153,16207.9805556,2.2
37.66941,10.369760000000001,16207.982638899999,2.1
37.66868,10.368319999999999,16207.9840278,2.4
37.66741,10.36552,16207.9875,2.2
37.6643,10.35902,16207.9930556,2.9
37.65271,10.339039999999999,16208.010416699999,3.0
37.64948,10.33515,16208.0145833,3.3
37.64628,10.33212,16208.0180556,3.3
37.6448,10.33082,16208.0194444,2.8
37.64362,10.32987,16208.020833300001,3.1
37.64095,10.32765,16208.0236111,2.9
37.69578,10.98541,16208.9652778,2.8
37.76238,11.94449,16211.5152778,2.3
37.80508,11.91377,16211.5597222,2.6
37.80786,11.91126,16211.5625,2.8
37.83354,11.88303,16211.6659722,2.2
37.8449,11.86628,16211.885416699999,2.7
37.842890000000004,11.86955,16211.8902778,1.0
37.84282,11.86997,16211.8916667,1.5
37.84362,11.86969,16211.895833300001,1.4
37.84424,11.86932,16211.8986111,0.7
37.84451,11.8691,16211.9,1.1
37.84474,11.86877,16211.902083300001,0.4
37.84518,11.868210000000001,16211.9048611,0.6
37.84547,11.86793,16211.90625,0.2
37.8459,11.86777,16211.9076389,0.6
37.846309999999995,11.867469999999999,16211.9097222,1.5
37.847970000000004,11.86767,16211.911805599999,3.4
37.84657,11.863489999999999,16211.9145833,6.0
37.780120000000004,11.97482,16212.0069444,2.1
37.78248,11.96831,16212.0118056,2.9
37.784290000000006,11.965160000000001,16212.0159722,0.7
37.78586,11.96513,16212.0215278,0.8
37.80311,11.94853,16212.0479167,2.7
37.80688,11.94562,16212.052083300001,2.6
37.86307,11.87852,16212.1451389,0.9
37.86487,11.8796,16212.1486111,4.2
37.74855,11.95394,16212.2645833,3.2
37.751,11.95205,16212.2666667,2.7
37.75315,11.95014,16212.270833300001,0.8
37.7509,11.93936,16212.2798611,9.1
37.7528,11.91812,16212.2847222,9.7
37.74562,11.61218,16212.9347222,2.4
37.74876,11.610710000000001,16212.9381944,2.4
37.776070000000004,11.94137,16214.6555556,5.3
37.73285,12.093160000000001,16214.6881944,9.5
37.72061,12.13275,16214.6972222,9.2
37.71764,12.1424,16214.6993056,9.1
37.71475,12.15206,16214.701388899999,9.1
37.712759999999996,12.158719999999999,16214.7027778,9.8
37.710840000000005,12.16492,16214.7041667,9.4
37.708909999999996,12.17115,16214.7055556,9.8
37.70686,12.17789,16214.7069444,9.8
37.70327,12.19002,16214.709722200001,10.1
37.693059999999996,12.22569,16214.7173611,9.5
37.69048,12.234869999999999,16214.7194444,10.2
37.68464,12.25533,16214.724305599999,10.0
37.678909999999995,12.275139999999999,16214.7284722,9.8
37.67492,12.28848,16214.73125,9.5
37.67221,12.29697,16214.7333333,9.6
37.66885,12.30759,16214.7354167,9.7
37.629329999999996,12.49958,16214.7798611,10.0
37.63139,12.551910000000001,16214.790277799999,10.2
37.63247,12.56114,16214.7923611,9.9
37.636540000000004,12.5823,16214.7965278,9.6
37.65019,12.57932,16214.857638899999,0.0
37.65032,12.57944,16215.8680556,0.0
37.6503,12.58105,16215.8722222,5.2
37.64656,12.582189999999999,16215.8743056,6.0
37.63255,12.50212,16215.8986111,9.2
37.63373,12.49315,16215.900694400001,9.0
37.65671,12.41301,16215.9194444,8.9
37.7949,11.951889999999999,16216.0319444,2.3
37.79663,11.95023,16216.0340278,2.4
37.7978,11.94921,16216.035416699999,2.5
37.79855,11.94854,16216.036805599999,3.0
37.800959999999996,11.94747,16216.0388889,3.2
37.80231,11.946639999999999,16216.040277799999,2.6
37.803470000000004,11.94583,16216.041666699999,3.1
37.804809999999996,11.94492,16216.0430556,2.2
37.8074,11.9432,16216.0458333,2.7
37.81035,11.9412,16216.048611100001,3.1
37.81176,11.94024,16216.05,3.2
37.813179999999996,11.93926,16216.0513889,3.1
37.8147,11.93821,16216.0527778,3.4
37.816559999999996,11.936910000000001,16216.0548611,2.8
37.81919,11.93501,16216.0576389,2.5
37.820879999999995,11.933760000000001,16216.0590278,3.0
37.82219,11.93269,16216.0604167,2.8
37.82358,11.931189999999999,16216.0625,3.0
37.8258,11.92876,16216.0645833,3.3
37.82708,11.927439999999999,16216.0659722,2.9
37.82855,11.9247,16216.06875,3.2
37.82966,11.92128,16216.0708333,2.4
37.83033,11.919410000000001,16216.0722222,2.8
37.83113,11.91724,16216.0736111,2.7
37.83193,11.91496,16216.0756944,2.8
37.833079999999995,11.911610000000001,16216.0784722,2.9
37.83408,11.90868,16216.0805556,3.5
37.835359999999994,11.90536,16216.0826389,2.4
37.83643,11.90391,16216.084722200001,2.5
37.838229999999996,11.90123,16216.0868056,3.3
37.84055,11.89605,16216.0909722,3.5
37.841570000000004,11.89449,16216.0923611,2.7
37.84446,11.89198,16216.0951389,2.9
37.84919,11.8879,16216.1006944,2.5
37.850840000000005,11.88635,16216.1020833,2.8
37.85216,11.88523,16216.1034722,3.1
37.85346,11.88418,16216.1048611,2.6
37.85487,11.88309,16216.1069444,3.1
37.85695,11.88145,16216.1090278,3.0
37.859429999999996,11.879769999999999,16216.111111100001,2.6
37.86135,11.87854,16216.1131944,2.9
37.86316,11.87735,16216.1152778,2.7
37.86486,11.87622,16216.1166667,3.0
37.86627,11.87515,16216.1180556,2.7
37.86806,11.87365,16216.1201389,2.1
37.86594,11.87496,16216.1222222,3.8
37.864670000000004,11.876510000000001,16216.1236111,3.3
37.86316,11.877360000000001,16216.1256944,2.5
37.86101,11.87883,16216.1277778,2.1
37.86077,11.87928,16216.129166699999,1.9
37.860640000000004,11.87963,16216.130555599999,0.4
37.86059,11.87989,16216.1319444,0.7
37.861090000000004,11.88037,16216.134027799999,0.7
37.86111,11.88087,16216.135416699999,1.7
37.861309999999996,11.8814,16216.1368056,1.6
37.86183,11.88212,16216.138888899999,1.1
37.86184,11.87979,16216.1402778,8.2
37.85973,11.87218,16216.142361100001,9.1
37.85648,11.86276,16216.1444444,9.3
37.852109999999996,11.85022,16216.147222200001,9.4
37.8499,11.84357,16216.1486111,9.2
37.84525,11.81652,16216.1548611,9.5
37.84341,11.79839,16216.1583333,9.2
37.842290000000006,11.78765,16216.1611111,9.4
37.84113,11.77735,16216.1631944,8.6
37.85351,11.714780000000001,16216.183333300001,2.9
37.85559,11.70836,16216.1895833,2.5
37.857009999999995,11.70529,16216.1923611,2.0
37.88429,11.579360000000001,16216.2805556,2.9
37.88496,11.57697,16216.2819444,2.9
37.88612,11.57273,16216.285416699999,3.1
37.88695,11.56989,16216.2875,2.7
37.88807,11.5664,16216.2895833,3.0
37.88882,11.56437,16216.2909722,2.8
37.8896,11.562389999999999,16216.2923611,6.1
37.89091,11.56035,16216.29375,2.9
37.89291,11.557210000000001,16216.2965278,3.1
37.90237,11.54318,16216.3090278,2.2
37.90325,11.54151,16216.3104167,2.8
37.906490000000005,11.53172,16216.318055599999,3.2
37.908,11.5282,16216.3208333,2.3
37.881440000000005,11.58329,16216.459722200001,9.5
37.88439,11.57627,16216.4611111,3.8
37.886340000000004,11.57043,16216.4673611,2.6
37.88798,11.56734,16216.4701389,2.6
37.88939,11.56502,16216.4722222,2.8
37.89212,11.56103,16216.4756944,2.3
37.9005,11.4866,16216.5291667,3.1
37.899159999999995,11.4836,16216.53125,3.1
37.89763,11.4797,16216.5340278,2.9
37.8968,11.477780000000001,16216.535416699999,3.1
37.90098,11.47812,16216.5694444,9.1
37.90335,11.48833,16216.571527799999,9.5
37.90466,11.49366,16216.5736111,4.1
37.90665,11.50554,16216.584722200001,2.8
37.90677,11.50881,16216.5868056,2.5
37.9068,11.510589999999999,16216.588194400001,2.4
37.720659999999995,11.57673,16217.902083300001,2.9
37.69689,11.89149,16218.5319444,9.2
37.76285,11.92935,16218.5631944,2.2
37.764990000000004,11.92714,16218.5652778,2.1
37.766329999999996,11.92607,16218.5673611,2.6
37.76945,11.924610000000001,16218.5701389,2.8
37.77133,11.92399,16218.5722222,2.6
37.77397,11.92329,16218.5743056,3.1
37.77666,11.9225,16218.576388899999,2.9
37.77988,11.92137,16218.579861100001,2.7
