lat,long,time,speed
47.782759999999996,-4.299601999999999,16192.7270833,7.7
47.78035,-4.304168,16192.7284722,7.7
47.77662,-4.311471,16192.7305556,7.5
47.77089,-4.322701,16192.7340278,7.2
47.767070000000004,-4.3301680000000005,16192.736111100001,7.2
47.76328,-4.338119,16192.7381944,7.1
47.7616,-4.342988,16192.739583300001,7.2
47.759159999999994,-4.350027,16192.7416667,7.1
47.75694,-4.356642,16192.7430556,7.0
47.75577,-4.3615330000000005,16192.744444400001,6.9
47.75362,-4.371075,16192.7472222,7.2
47.75025,-4.382184,16192.75,7.2
47.74783,-4.391324,16192.7520833,7.2
47.74566,-4.400542,16192.754166699999,7.3
47.74451,-4.405221,16192.755555599999,7.0
47.743140000000004,-4.410668,16192.7569444,7.1
47.74171,-4.416158,16192.7583333,7.0
47.739059999999995,-4.425765,16192.7611111,7.3
47.73612,-4.436395,16192.7631944,7.3
47.73469,-4.441968,16192.7645833,7.2
47.73324,-4.447932,16192.7666667,7.4
47.730709999999995,-4.457738,16192.76875,7.2
47.728840000000005,-4.464685,16192.770833300001,7.2
47.72603,-4.475956,16192.7736111,7.4
47.7238,-4.485015,16192.775694400001,7.4
47.72165,-4.493848000000001,16192.7777778,7.1
47.71965,-4.50244,16192.7798611,7.4
47.71788,-4.509485,16192.7819444,7.5
47.71513,-4.520215,16192.7840278,7.5
47.71385,-4.525454,16192.785416699999,7.4
47.71179,-4.53404,16192.7875,7.5
47.71026,-4.540225,16192.7888889,7.3
47.708690000000004,-4.546926,16192.7909722,7.4
47.70646,-4.555955,16192.7930556,7.4
47.70385,-4.5665,16192.795138899999,7.7
47.7027,-4.57114,16192.7965278,7.4
47.70041,-4.580184,16192.798611100001,7.4
47.69853,-4.58776,16192.8006944,7.2
47.69701,-4.593897,16192.802083300001,7.4
47.69445,-4.60389,16192.8048611,7.4
47.69182,-4.613713,16192.806944400001,7.3
47.69043,-4.619382,16192.808333300001,7.2
47.68802,-4.628968,16192.8104167,7.4
47.68588,-4.637607,16192.8131944,7.5
47.68352,-4.6471,16192.8152778,7.6
47.6809,-4.6577470000000005,16192.8173611,7.6
47.67967,-4.662473,16192.81875,7.5
47.67699,-4.673018,16192.821527799999,7.5
47.67443,-4.682498000000001,16192.8236111,7.4
47.67285,-4.688185,16192.825,7.6
47.66939,-4.700943,16192.8284722,7.5
47.66701,-4.710032,16192.8305556,7.3
47.664229999999996,-4.720405,16192.8326389,7.6
47.66271,-4.726082,16192.8340278,7.4
47.66045,-4.734782,16192.8361111,7.5
47.65923,-4.739497,16192.8375,7.7
47.65652,-4.7495199999999995,16192.8402778,7.3
47.65357,-4.760482,16192.8423611,7.5
47.6523,-4.765143,16192.84375,7.6
47.64928,-4.776605,16192.8465278,7.5
47.64782,-4.782353,16192.847916699999,7.5
47.64542,-4.791828,16192.8506944,7.3
47.6421,-4.804476999999999,16192.8534722,7.6
47.64035,-4.81116,16192.8548611,7.5
47.63732,-4.822863,16192.857638899999,7.7
47.63555,-4.829667,16192.8590278,7.8
47.63435,-4.8345970000000005,16192.8604167,7.8
47.63203,-4.843554,16192.8625,7.9
47.63013,-4.85051,16192.8638889,7.7
47.628840000000004,-4.855385,16192.8652778,7.8
47.62723,-4.86151,16192.8666667,7.7
47.62542,-4.868472,16192.8680556,7.7
47.62362,-4.875353,16192.8701389,7.9
47.62023,-4.888437000000001,16192.8729167,7.7
47.6187,-4.8944019999999995,16192.8743056,7.8
47.6172,-4.900493,16192.8756944,7.9
47.61574,-4.9064760000000005,16192.8770833,7.7
47.6131,-4.9176660000000005,16192.8798611,7.9
47.610409999999995,-4.928882,16192.8819444,7.9
47.60892,-4.93497,16192.884027799999,8.0
47.605959999999996,-4.947108,16192.8861111,8.0
47.6047,-4.952128,16192.8875,8.0
47.6016,-4.9643180000000005,16192.8902778,8.1
47.59922,-4.974559999999999,16192.892361100001,7.9
47.59774,-4.980662000000001,16192.8944444,7.9
47.59535,-4.9909550000000005,16192.8965278,7.8
47.59325,-5.000272,16192.8986111,8.1
47.59107,-5.009325,16192.900694400001,8.0
47.58865,-5.019487000000001,16192.9027778,8.0
47.58575,-5.031812,16192.9055556,7.9
47.58305,-5.0432,16192.9083333,8.1
47.580529999999996,-5.053527,16192.910416699999,8.1
47.57908,-5.059803,16192.911805599999,8.0
47.57751,-5.066125,16192.9131944,8.2
47.57521,-5.07546,16192.915277799999,8.0
47.57338,-5.082523,16192.916666699999,7.9
47.571459999999995,-5.089618,16192.91875,7.9
47.56873,-5.099637,16192.9208333,7.9
47.554190000000006,-5.153897,16192.933333300001,8.1
47.549459999999996,-5.171817,16192.9375,8.1
47.540620000000004,-5.206282,16192.9444444,8.0
47.535379999999996,-5.227232,16192.9493056,8.2
47.531659999999995,-5.241928,16192.9527778,8.3
47.51442,-5.31276,16192.9680556,8.1
47.336659999999995,-5.731998,16194.1243056,2.2
47.32558,-5.726058,16194.1319444,4.8
47.32515,-5.735135,16194.134027799999,6.8
47.32488,-5.774275,16194.1444444,6.8
47.32567,-5.809203,16194.1527778,8.4
47.33298,-5.813426,16194.1555556,9.1
47.33426,-5.83381,16194.1715278,2.6
47.33486,-5.859208,16194.1868056,2.8
47.33489,-5.864102,16194.1895833,3.0
47.334740000000004,-5.866055,16194.1909722,3.2
47.335359999999994,-5.874637,16194.1958333,2.8
47.32502,-5.904355000000001,16194.2222222,6.2
47.32476,-5.813162999999999,16194.2430556,6.6
47.333729999999996,-5.819509,16194.2493056,4.9
47.34006,-5.845682,16194.2659722,2.9
47.33979,-5.852448000000001,16194.2694444,3.1
47.339729999999996,-5.854755,16194.270833300001,3.3
47.34023,-5.877565,16194.2840278,3.2
47.340140000000005,-5.881828,16194.2861111,2.7
47.34013,-5.890198000000001,16194.291666699999,2.4
47.34003,-5.892778,16194.2930556,3.1
47.339929999999995,-5.895573000000001,16194.295138899999,3.0
47.34039,-5.919932,16194.31875,0.5
47.31669,-5.910858,16194.3270833,7.4
47.316720000000004,-5.897425,16194.3305556,6.8
47.316829999999996,-5.884442,16194.3340278,6.7
47.31687,-5.874053,16194.3361111,6.8
47.317,-5.851913,16194.3416667,7.0
47.31727,-5.837416999999999,16194.3451389,7.2
47.317009999999996,-5.827776,16194.3472222,7.0
47.31693,-5.823029,16194.3486111,6.8
47.31904,-5.8104629999999995,16194.3520833,7.5
47.3222,-5.803747,16194.354166699999,5.6
47.3295,-5.808357,16194.3583333,7.5
47.333909999999996,-5.812308,16194.3604167,7.5
47.33842,-5.819605,16194.3631944,3.9
47.3399,-5.82022,16194.3652778,1.1
47.34075,-5.817922,16194.3680556,1.5
47.34077,-5.815169999999999,16194.3701389,2.5
47.340720000000005,-5.812312,16194.3722222,2.1
47.34012,-5.802383,16194.3784722,2.6
47.34008,-5.800425,16194.3798611,2.6
47.33997,-5.797752,16194.3819444,3.1
47.33988,-5.793522,16194.3847222,3.7
47.33987,-5.789403,16194.3875,3.1
47.34016,-5.7855669999999995,16194.3895833,3.8
47.340559999999996,-5.78095,16194.392361100001,2.0
47.34084,-5.7777769999999995,16194.3944444,3.2
47.34087,-5.773978,16194.397222200001,2.1
47.340720000000005,-5.764168,16194.4034722,1.8
47.34068,-5.761621,16194.4055556,2.2
47.34063,-5.757797,16194.4076389,3.1
47.34062,-5.755965,16194.4090278,3.5
47.34036,-5.750285,16194.4131944,1.5
47.34018,-5.748368,16194.4145833,1.6
47.339529999999996,-5.746,16194.41875,0.5
47.33914,-5.746642,16194.420138899999,1.2
47.3386,-5.74711,16194.4222222,2.6
47.33745,-5.741143,16194.423611100001,7.5
47.33766,-5.734038,16194.4256944,7.4
47.3382,-5.716245,16194.4291667,7.4
47.33855,-5.705552,16194.431944400001,7.6
47.33879,-5.69379,16194.4347222,7.5
47.339,-5.6824449999999995,16194.4368056,7.5
47.339040000000004,-5.676235,16194.4381944,4.6
47.338190000000004,-5.675898999999999,16194.4395833,7.0
47.33497,-5.6847010000000004,16194.441666699999,8.4
47.33081,-5.693644,16194.44375,8.5
47.31793,-5.709792,16194.4486111,8.5
47.3167,-5.7188419999999995,16194.451388899999,8.3
47.316720000000004,-5.729252,16194.4534722,6.9
47.31688,-5.740145,16194.45625,7.0
47.31693,-5.747235,16194.4576389,7.0
47.31695,-5.758198,16194.4604167,7.0
47.316959999999995,-5.765782,16194.4625,6.9
47.31698,-5.774621,16194.464583300001,6.9
47.317,-5.780768,16194.4659722,6.9
47.31707,-5.790076999999999,16194.4680556,6.7
47.31705,-5.796542,16194.4701389,7.0
47.31708,-5.80799,16194.472916699999,7.0
47.318459999999995,-5.814023000000001,16194.475,6.9
47.32045,-5.809813,16194.4770833,1.2
47.32045,-5.809847,16194.4784722,0.8
47.32029,-5.810475,16194.4798611,1.0
47.319990000000004,-5.812151,16194.4840278,1.0
47.31968,-5.813683999999999,16194.4875,1.0
47.31954,-5.815341,16194.4902778,0.9
47.31946,-5.815980000000001,16194.4916667,0.7
47.31946,-5.816543,16194.4930556,0.7
47.319340000000004,-5.81767,16194.495833300001,0.5
47.319309999999994,-5.818887999999999,16194.4979167,1.0
47.3193,-5.819801999999999,16194.5006944,0.4
47.31923,-5.8212150000000005,16194.5034722,1.0
47.31927,-5.822222,16194.505555599999,0.8
47.31929,-5.823097,16194.5076389,0.8
47.31946,-5.824872,16194.5111111,0.9
47.31949,-5.82587,16194.5131944,0.8
47.31969,-5.827253,16194.5166667,0.7
47.319720000000004,-5.828017,16194.5180556,0.6
47.3201,-5.8303449999999994,16194.5229167,1.0
47.32023,-5.831252,16194.525,0.8
47.32039,-5.832082,16194.527083300001,0.8
47.32056,-5.832977,16194.5291667,0.8
47.320859999999996,-5.8343300000000005,16194.53125,0.6
47.32104,-5.8349720000000005,16194.5326389,0.8
47.32124,-5.835538,16194.5340278,1.2
47.32159,-5.836793,16194.536805599999,0.8
47.321909999999995,-5.837648000000001,16194.5388889,0.9
47.32265,-5.839563,16194.5430556,0.8
47.32353,-5.841723,16194.5479167,0.7
47.32419,-5.84316,16194.5513889,0.9
47.32458,-5.844092,16194.553472200001,0.7
47.32492,-5.844875,16194.5548611,1.1
47.32516,-5.845499,16194.55625,0.9
47.32545,-5.846145,16194.5576389,0.8
47.3188,-5.843465,16194.5965278,1.0
47.28917,-5.751557,16194.7930556,5.3
47.30328,-5.773880999999999,16195.0229167,4.6
47.3083,-5.780543,16195.0263889,4.5
47.31196,-5.785343,16195.0291667,4.4
47.31344,-5.787228,16195.0305556,4.2
47.32139,-5.798789,16195.0381944,2.4
47.32178,-5.801005,16195.0409722,0.9
47.32826,-5.7729230000000005,16195.0777778,2.4
47.32847,-5.758132,16195.0888889,2.3
47.32882,-5.735055,16195.1090278,2.2
47.32678,-5.812819,16195.1534722,2.7
47.32643,-5.819635,16195.1583333,3.2
47.32682,-5.824413,16195.1611111,2.4
47.3274,-5.8558650000000005,16195.18125,2.9
47.32777,-5.859705,16195.1840278,1.9
47.327870000000004,-5.8898150000000005,16195.2069444,2.1
47.30684,-5.904527,16195.2263889,7.4
47.30669,-5.898396,16195.227777799999,7.3
47.30663,-5.892402,16195.229166699999,7.2
47.30664,-5.867508,16195.2347222,7.7
47.30681,-5.8549489999999995,16195.2375,7.8
47.30686,-5.834323,16195.2416667,8.1
47.31516,-5.829218,16195.272222200001,2.5
47.314820000000005,-5.835243,16195.2763889,2.5
47.31491,-5.840465,16195.2798611,3.3
47.31487,-5.843188,16195.2819444,1.8
47.31485,-5.8461099999999995,16195.2833333,3.1
47.314820000000005,-5.848137,16195.2847222,2.0
47.31473,-5.850365,16195.286805599999,1.1
47.31465,-5.854035,16195.2895833,2.6
47.31459,-5.856845,16195.291666699999,3.4
47.3145,-5.859468,16195.2930556,1.7
47.314440000000005,-5.861828,16195.295138899999,3.1
47.314409999999995,-5.864112,16195.2972222,1.9
47.31427,-5.8680900000000005,16195.3,3.2
47.31436,-5.872999999999999,16195.3027778,2.5
47.314409999999995,-5.878988,16195.306944400001,2.3
47.29988,-5.887207,16195.34375,6.9
47.2999,-5.879948000000001,16195.3458333,6.4
47.29968,-5.862013,16195.35,7.1
47.29973,-5.854369999999999,16195.3520833,7.1
47.29996,-5.844668,16195.354166699999,6.6
47.29977,-5.838637,16195.35625,5.0
47.3048,-5.814882,16195.3631944,6.8
47.31454,-5.786487,16195.3902778,2.6
47.33701,-5.8251610000000005,16195.5125,2.3
47.30405,-5.773272,16195.5625,4.8
47.31309,-5.769208,16195.5673611,4.9
47.32442,-5.764278,16195.5736111,5.1
47.327459999999995,-5.762898000000001,16195.575,5.0
47.33065,-5.761445,16195.5770833,4.8
47.33139,-5.760555,16195.5819444,4.0
47.32823,-5.762493,16195.584722200001,3.8
47.32489,-5.764507,16195.5868056,3.8
47.26684,-5.777613,16195.630555599999,3.1
47.27265,-5.776778,16195.6333333,5.7
47.28313,-5.774529,16195.6375,5.8
47.284909999999996,-5.735718,16196.479166699999,7.4
47.261959999999995,-5.781887,16196.5319444,2.5
47.30725,-5.843342,16196.6645833,2.4
47.30727,-5.844543,16196.665277799999,2.1
47.30659,-5.802905,16197.0347222,0.8
47.2268,-5.805385,16197.5069444,3.5
47.23113,-5.805445,16197.5097222,3.9
47.234390000000005,-5.805598000000001,16197.5118056,3.8
47.28419,-5.775358,16197.558333300001,3.8
47.28127,-5.7586900000000005,16197.5659722,3.4
47.27883,-5.745687,16197.572916699999,3.6
47.27876,-5.748803,16197.5944444,0.4
47.27796,-5.75282,16197.6402778,4.9
47.28455,-5.758568,16197.64375,5.0
47.287409999999994,-5.764235,16197.7006944,4.6
47.28995,-5.786230000000001,16197.709722200001,4.2
47.29416,-5.818887,16197.7236111,4.2
47.29764,-5.841032,16197.7340278,4.3
47.29845,-5.83895,16197.7368056,4.9
47.29733,-5.82831,16197.7402778,5.2
47.29394,-5.80127,16197.7493056,5.4
47.29292,-5.792642,16197.7520833,5.3
47.29161,-5.782418,16197.755555599999,5.4
47.29043,-5.773672,16197.7583333,5.5
47.28934,-5.76618,16197.7611111,5.3
47.288090000000004,-5.756708000000001,16197.763888899999,5.4
47.28678,-5.748165,16197.7666667,5.3
47.28783,-5.764401,16197.7895833,4.2
47.2924,-5.82108,16197.833333300001,5.8
47.29142,-5.805301999999999,16197.8375,5.6
47.28777,-5.802536,16197.925,5.4
47.28822,-5.798535,16197.9263889,5.3
47.2913,-5.7724779999999996,16197.9347222,5.3
47.29501,-5.739173,16197.9451389,5.2
47.29184,-5.741793,16197.9652778,4.0
47.287620000000004,-5.7481160000000004,16197.96875,4.0
47.28502,-5.751958,16197.9715278,3.9
47.28083,-5.757785,16197.9756944,2.5
47.278490000000005,-5.7607919999999995,16197.979166699999,3.0
47.27649,-5.763240000000001,16197.98125,3.1
47.27394,-5.76631,16197.9840278,2.7
47.270720000000004,-5.770465,16197.9881944,2.6
47.26863,-5.773305000000001,16197.990972200001,3.0
47.26668,-5.77609,16197.99375,2.7
47.25979,-5.786243,16198.0027778,2.9
47.258759999999995,-5.7878,16198.004166699999,2.4
47.25763,-5.789457,16198.0083333,2.0
47.25739,-5.789785,16198.0111111,2.6
47.24337,-5.81049,16198.0291667,2.2
47.2492,-5.805682,16198.0333333,4.1
47.25181,-5.803623,16198.0347222,4.0
47.25946,-5.797502,16198.0409722,4.2
47.265640000000005,-5.793865,16198.045138899999,3.6
47.26746,-5.854826,16198.3284722,1.3
47.27025,-5.818336,16198.5493056,7.0
47.26566,-5.8573059999999995,16198.666666699999,1.0
47.25483,-5.872725,16198.8354167,0.8
47.24109,-5.919852,16198.9173611,3.1
47.23632,-5.9314,16198.925,3.2
47.246320000000004,-5.9099,16198.9375,5.4
47.26008,-5.877205,16198.95,5.3
47.26064,-5.874558,16198.9534722,3.0
47.2428,-5.91526,16198.98125,2.7
47.23857,-5.944843,16198.9986111,3.3
47.239129999999996,-5.948955000000001,16199.0083333,4.4
47.24351,-5.935662000000001,16199.013888899999,4.6
47.25302,-5.875883,16199.0388889,4.3
47.2534,-5.886295,16199.048611100001,2.1
47.28691,-5.954002,16199.263888899999,6.7
47.286770000000004,-5.934953,16199.26875,6.9
47.26484,-5.978893,16199.3548611,1.6
47.26482,-5.986932,16199.3604167,2.6
47.26475,-5.988897,16199.3618056,2.0
47.26487,-5.990735,16199.3638889,1.0
47.264829999999996,-5.991377,16199.3652778,0.1
47.274440000000006,-5.9881519999999995,16199.46875,6.4
47.29116,-5.999632,16199.4756944,6.9
47.30075,-5.97018,16199.486111100001,7.3
47.30085,-5.951588,16199.4902778,7.7
47.38435,-5.981097,16199.5340278,4.2
47.38534,-5.979918,16199.536805599999,1.1
47.38496,-5.979217,16199.5381944,1.5
47.38454,-5.978388,16199.540277799999,0.9
47.355290000000004,-5.954615,16199.5673611,2.7
47.35307,-5.955837,16199.5694444,3.0
47.34519,-5.96076,16199.576388899999,3.0
47.34276,-5.96235,16199.5784722,2.9
47.290420000000005,-6.007325,16199.6284722,2.8
47.282779999999995,-6.015282,16199.6368056,3.0
47.275079999999996,-5.992668,16199.65625,3.4
47.274609999999996,-5.965682,16199.670138899999,3.2
47.274390000000004,-5.93425,16199.6944444,2.7
47.2732,-5.937825,16199.696527799999,2.9
47.26943,-5.950702,16199.70625,2.5
47.26377,-5.974235,16199.7222222,2.5
47.26317,-5.977578,16199.724305599999,2.4
47.26243,-5.982062,16199.727777799999,2.6
47.26052,-5.992875,16199.7347222,2.4
47.259890000000006,-5.998062,16199.7381944,2.4
47.26187,-5.994273000000001,16199.7416667,3.5
47.26617,-5.983575,16199.7479167,3.4
47.273720000000004,-5.963233,16199.7625,3.4
47.27545,-5.958305,16199.7652778,3.4
47.27668,-5.955218,16199.7666667,3.7
47.27816,-5.951512,16199.76875,3.5
47.27943,-5.9480129999999996,16199.770833300001,3.3
47.28112,-5.943077,16199.7736111,3.6
47.28603,-5.9261029999999995,16199.7826389,1.6
47.28325,-5.931736,16199.7888889,1.9
47.28255,-5.933027,16199.790277799999,1.9
47.28156,-5.934637,16199.7923611,1.8
47.27489,-5.94725,16199.80625,1.7
47.27428,-5.948418,16199.8076389,1.9
47.270990000000005,-5.956093,16199.8152778,2.0
47.27041,-5.958442,16199.818055599999,1.8
47.2698,-5.961665,16199.8208333,1.7
47.269,-5.965058,16199.8243056,2.1
47.268609999999995,-5.966755,16199.8256944,2.2
47.26761,-5.970623000000001,16199.8291667,1.8
47.26522,-5.980628,16199.8388889,2.2
47.26409,-5.986680000000001,16199.8451389,2.0
47.26515,-5.986273000000001,16199.8472222,3.5
47.26657,-5.980188,16199.8506944,3.8
47.26783,-5.974069999999999,16199.8534722,4.1
47.27064,-5.96185,16199.8583333,4.3
47.27198,-5.954993,16199.861111100001,4.1
47.27755,-5.926685,16199.8756944,1.7
47.27772,-5.9279720000000005,16199.8770833,1.7
47.27785,-5.929956,16199.879166699999,1.4
47.27791,-5.931255,16199.880555599999,1.6
47.27669,-5.937015,16199.888888899999,1.1
47.27641,-5.93804,16199.8902778,1.4
47.27598,-5.939548,16199.8930556,1.2
47.27561,-5.940818,16199.8951389,1.5
47.27531,-5.941923,16199.8965278,1.1
47.27486,-5.943402,16199.8993056,1.2
47.27022,-5.959994999999999,16199.9256944,1.4
47.26807,-5.964368,16199.9340278,0.7
47.2656,-5.9685239999999995,16199.9409722,1.8
47.262859999999996,-5.976038,16199.9472222,1.5
47.2617,-5.979833,16199.951388899999,1.5
47.26137,-5.9809220000000005,16199.9527778,1.6
47.26105,-5.982286,16199.9541667,1.7
47.26064,-5.984305,16199.9569444,1.8
47.26001,-5.986973,16199.9590278,1.7
47.25963,-5.9888010000000005,16199.9618056,1.7
47.26849,-5.955575,16199.9763889,4.0
47.26859,-5.943302,16199.9819444,3.9
47.2693,-5.93709,16199.9847222,5.5
47.274409999999996,-5.924951999999999,16199.9951389,0.5
47.27463,-5.925688,16199.9972222,0.3
47.2748,-5.926995,16200.0013889,0.7
47.331559999999996,-5.879897,16200.5305556,1.4
47.32635,-5.913695,16200.5659722,1.8
47.347159999999995,-5.999542,16201.361111100001,7.2
47.35435,-5.77511,16201.5444444,1.4
47.55617,-5.1836709999999995,16202.6430556,5.8
47.56147,-5.162559,16202.65,5.7
47.56678,-5.143283,16202.6555556,5.9
47.57177,-5.122911,16202.661805599999,5.7
47.575179999999996,-5.10771,16202.666666699999,5.7
47.57717,-5.099397,16202.6694444,5.7
47.57945,-5.090037000000001,16202.6722222,5.9
47.58127,-5.08239,16202.6743056,6.0
47.582190000000004,-5.078701000000001,16202.6756944,5.8
47.5856,-5.064297,16202.6798611,5.9
47.586890000000004,-5.059087,16202.681944400001,5.7
47.58855,-5.0511230000000005,16202.6840278,5.6
47.58947,-5.046618,16202.6854167,5.7
47.590540000000004,-5.04131,16202.6875,5.7
47.59212,-5.0335220000000005,16202.6895833,5.6
47.59404,-5.023953,16202.6923611,5.7
47.59499,-5.019335,16202.69375,5.9
47.59558,-5.016294,16202.6951389,5.8
47.5974,-5.0068269999999995,16202.697916699999,5.5
47.59867,-5.000082,16202.7,5.6
47.601209999999995,-4.98651,16202.7041667,5.6
47.60263,-4.979957,16202.70625,5.6
47.60383,-4.97494,16202.7076389,5.4
47.60557,-4.967553,16202.7104167,5.3
47.60718,-4.960575,16202.7125,5.3
47.6088,-4.9535,16202.714583300001,5.7
47.60993,-4.948783000000001,16202.7166667,5.5
47.6117,-4.9412519999999995,16202.71875,5.4
47.61335,-4.9340470000000005,16202.7215278,5.5
47.61523,-4.926162000000001,16202.7236111,5.6
47.617,-4.918512000000001,16202.7256944,5.5
47.61784,-4.914918,16202.7270833,5.6
47.618759999999995,-4.910995,16202.7284722,5.5
47.61995,-4.905983,16202.7298611,5.5
47.62097,-4.901715,16202.73125,5.5
47.621809999999996,-4.898191000000001,16202.732638899999,5.4
47.623740000000005,-4.890023,16202.7354167,5.5
47.62529,-4.883342,16202.7375,5.0
47.62702,-4.876441000000001,16202.739583300001,5.5
47.62788,-4.87301,16202.740972200001,5.4
47.62916,-4.868128,16202.7423611,5.9
47.63023,-4.863919999999999,16202.74375,5.1
47.63123,-4.860163,16202.7451389,5.4
47.63323,-4.85297,16202.7479167,5.5
47.6351,-4.846278,16202.75,5.6
47.63815,-4.835073,16202.7534722,5.5
47.63932,-4.830515,16202.7548611,5.9
47.640409999999996,-4.826251999999999,16202.75625,5.4
47.64185,-4.820575,16202.7583333,5.6
47.643679999999996,-4.813704,16202.760416699999,5.5
47.6457,-4.806272,16202.7631944,5.9
47.647940000000006,-4.798155,16202.7659722,5.6
47.650090000000006,-4.790369,16202.7680556,5.7
47.65109,-4.786537,16202.7694444,5.5
47.653729999999996,-4.777038,16202.7729167,5.7
47.65592,-4.769153,16202.775,5.1
47.65741,-4.763973,16202.777083300001,5.5
47.65956,-4.756613,16202.7791667,5.3
47.66108,-4.751592,16202.78125,5.2
47.663579999999996,-4.743341,16202.7840278,5.7
47.66583,-4.7358519999999995,16202.786805599999,5.7
47.66794,-4.72898,16202.7888889,5.4
47.66995,-4.722435,16202.7909722,5.7
47.67192,-4.715935,16202.7930556,5.5
47.673140000000004,-4.711855,16202.7944444,5.6
47.67445,-4.707577,16202.7958333,5.5
47.67552,-4.704203,16202.7972222,5.5
47.67763,-4.697331,16202.7993056,5.4
47.67853,-4.693912999999999,16202.8006944,5.4
47.6808,-4.685675,16202.803472200001,5.9
47.68196,-4.68155,16202.8048611,5.2
47.68343,-4.67619,16202.806944400001,5.2
47.68493,-4.67063,16202.808333300001,5.3
47.685790000000004,-4.667173,16202.8097222,5.3
47.68694,-4.6630080000000005,16202.8111111,5.3
47.68881,-4.655943,16202.8131944,5.5
47.68967,-4.652347,16202.8145833,5.5
47.6909,-4.6473379999999995,16202.8159722,5.7
47.692009999999996,-4.6421790000000005,16202.818055599999,5.9
47.693509999999996,-4.634894999999999,16202.8201389,5.7
47.69553,-4.625205,16202.822916699999,5.7
47.69747,-4.616007,16202.8256944,5.7
47.69829,-4.6121739999999996,16202.8270833,5.6
47.69939,-4.606887,16202.8284722,5.9
47.70027,-4.6023760000000005,16202.829861100001,5.6
47.7023,-4.592536,16202.833333300001,5.8
47.70402,-4.584230000000001,16202.8354167,5.9
47.70477,-4.580482,16202.8368056,5.9
47.70678,-4.571308,16202.839583300001,5.9
47.70779,-4.56665,16202.8409722,5.9
47.70943,-4.558969,16202.8430556,5.9
47.71105,-4.551405,16202.8458333,5.6
47.71278,-4.543105000000001,16202.847916699999,5.6
47.71369,-4.538631,16202.849305599999,5.8
47.71463,-4.534108,16202.8506944,6.0
47.71542,-4.530354,16202.8520833,5.7
47.716409999999996,-4.525768,16202.8534722,5.6
47.71796,-4.5183349999999995,16202.8555556,5.5
47.718740000000004,-4.51459,16202.8569444,6.1
47.72085,-4.504882,16202.8597222,6.0
47.72206,-4.499675,16202.8618056,6.0
47.72404,-4.490678,16202.864583300001,5.8
47.72571,-4.483194999999999,16202.8666667,5.6
47.72744,-4.4756800000000005,16202.86875,5.8
47.72923,-4.46805,16202.8715278,5.9
47.73103,-4.46053,16202.8736111,6.1
47.73304,-4.452108,16202.8763889,5.6
47.73435,-4.446877,16202.8777778,5.6
47.73579,-4.440892,16202.8798611,5.6
47.73717,-4.4348019999999995,16202.88125,5.5
47.73799,-4.4310480000000005,16202.8826389,5.9
47.73962,-4.424045,16202.8847222,6.2
47.7413,-4.41635,16202.8868056,6.0
47.74268,-4.410044999999999,16202.888888899999,6.0
47.744009999999996,-4.403795,16202.8909722,6.0
47.74599,-4.394368,16202.89375,5.8
47.738890000000005,-4.374412,16202.9013889,5.4
47.735440000000004,-4.367565,16202.9034722,5.5
47.72992,-4.35646,16202.9083333,5.6
47.72757,-4.351648,16202.9097222,5.4
47.72552,-4.347394,16202.911805599999,5.3
47.72533,-4.348033,16202.9131944,2.2
47.72657,-4.350255000000001,16202.9145833,3.3
47.72743,-4.351765,16202.9159722,2.9
47.728809999999996,-4.354242,16202.9180556,3.4
47.73149,-4.358087,16202.9208333,3.2
47.73322,-4.358297,16202.9222222,4.1
47.73551,-4.358022,16202.923611100001,4.3
47.739309999999996,-4.357125,16202.9256944,3.9
47.74317,-4.3563,16202.928472200001,4.2
47.74658,-4.354352,16202.9305556,4.6
47.749590000000005,-4.351895,16202.931944400001,4.5
47.75212,-4.349912000000001,16202.9340278,4.3
47.75623,-4.346998,16202.9361111,4.6
47.758720000000004,-4.345223000000001,16202.9375,4.7
47.76126,-4.342245,16202.9395833,4.8
47.76421,-4.337043,16202.941666699999,4.6
47.76676,-4.332055,16202.94375,5.3
47.7693,-4.3267169999999995,16202.9458333,5.4
47.77212,-4.321153,16202.947916699999,5.8
47.77503,-4.315494999999999,16202.95,5.7
47.777429999999995,-4.310875,16202.9520833,5.8
47.78098,-4.303485,16202.954861100001,6.8
47.78215,-4.3008169999999994,16208.8243056,7.5
47.77865,-4.307241,16208.826388899999,7.5
47.77421,-4.3155779999999995,16208.8284722,7.4
47.77021,-4.322982,16208.8305556,7.6
47.76621,-4.330843,16208.833333300001,7.7
47.76249,-4.339268,16208.8354167,7.9
47.75779,-4.34364,16208.8375,8.1
47.75136,-4.343194,16208.839583300001,8.0
47.74429,-4.338634,16208.8416667,7.8
47.738659999999996,-4.333825,16208.84375,7.9
47.73336,-4.328133,16208.8458333,7.9
47.72929,-4.3225050000000005,16208.847916699999,8.1
47.72489,-4.314867,16208.85,8.0
47.719570000000004,-4.305183,16208.8520833,8.4
47.714859999999994,-4.296693,16208.854166699999,8.5
47.71055,-4.289223000000001,16208.85625,8.4
47.70545,-4.280347,16208.8590278,8.5
47.700790000000005,-4.272335,16208.861111100001,8.5
47.69481,-4.262222,16208.8631944,8.7
47.69039,-4.254633,16208.8652778,8.4
47.68565,-4.246346,16208.8673611,8.3
47.68124,-4.238373,16208.869444400001,8.3
47.67693,-4.23071,16208.8715278,8.2
47.67481,-4.226885,16208.8729167,8.2
47.67035,-4.218655,16208.875,8.1
47.66558,-4.209875,16208.8770833,8.2
47.66121,-4.201756,16208.8798611,8.0
47.65695,-4.193998000000001,16208.8819444,8.1
47.65115,-4.18363,16208.8847222,8.1
47.6466,-4.174837,16208.8868056,7.9
47.6432,-4.167033,16208.888888899999,8.0
47.6388,-4.156738,16208.8909722,8.1
47.63542,-4.148898,16208.8930556,8.0
47.63335,-4.144173,16208.8944444,8.1
47.627829999999996,-4.131767,16208.897222200001,8.0
47.62256,-4.120125,16208.900694400001,7.8
47.61949,-4.113519999999999,16208.902083300001,7.8
47.61724,-4.10867,16208.9034722,7.9
47.61271,-4.098915,16208.90625,7.7
47.60686,-4.086411,16208.9097222,7.7
47.603609999999996,-4.079405,16208.9111111,7.8
47.6015,-4.075025,16208.9125,7.7
47.58873,-4.048302,16208.9194444,7.8
47.5862,-4.043080000000001,16208.9208333,7.7
47.57902,-4.028448,16208.925,7.8
47.529140000000005,-3.9254019999999996,16208.9520833,7.8
47.38605,-3.617982,16209.0347222,7.6
47.34541,-3.529552,16209.058333300001,7.7
47.34235,-3.522698,16209.0604167,7.6
47.33812,-3.513225,16209.0625,7.5
47.3329,-3.5035269999999996,16209.0652778,7.6
47.32652,-3.4925580000000003,16209.06875,7.5
47.315540000000006,-3.472862,16209.0743056,7.5
47.31303,-3.46781,16209.0756944,7.6
47.31062,-3.46277,16209.0770833,7.6
47.30662,-3.454442,16209.079861100001,7.4
47.30283,-3.446643,16209.0819444,7.4
47.29855,-3.437982,16209.0840278,7.6
47.2961,-3.433092,16209.0854167,7.6
47.29186,-3.424865,16209.088194400001,7.6
47.28774,-3.4171769999999997,16209.0902778,7.6
47.283570000000005,-3.4095269999999998,16209.0923611,7.6
47.27957,-3.4023980000000003,16209.0944444,7.6
47.27489,-3.393913,16209.0965278,7.7
47.27245,-3.38944,16209.097916699999,7.7
47.26846,-3.3820870000000003,16209.1,7.6
47.26443,-3.3747279999999997,16209.1020833,7.6
47.26035,-3.3674470000000003,16209.104166699999,7.8
47.25597,-3.3597080000000004,16209.10625,7.8
47.25176,-3.3523870000000002,16209.1083333,7.9
47.247279999999996,-3.34461,16209.111111100001,7.9
47.24219,-3.3368800000000003,16209.1131944,8.0
47.237629999999996,-3.3297,16209.1152778,7.9
47.233090000000004,-3.322112,16209.1173611,7.9
47.22795,-3.313447,16209.1201389,8.0
47.22333,-3.305535,16209.1222222,8.1
47.21905,-3.2978449999999997,16209.1243056,8.3
47.21483,-3.2902370000000003,16209.1263889,8.1
47.21052,-3.282063,16209.1284722,7.9
47.20629,-3.273767,16209.130555599999,7.9
47.20213,-3.2654349999999996,16209.1326389,8.1
47.19822,-3.25712,16209.1347222,8.1
47.1944,-3.24878,16209.1368056,8.1
47.19065,-3.239887,16209.138888899999,8.0
47.18705,-3.23141,16209.1416667,7.6
47.18356,-3.223637,16209.14375,7.7
47.18002,-3.216015,16209.145833300001,7.5
47.17627,-3.208088,16209.1479167,7.4
47.1729,-3.199732,16209.15,7.6
47.17078,-3.190747,16209.152083300001,7.8
47.16845,-3.18188,16209.1541667,7.8
47.16597,-3.1743419999999998,16209.15625,7.7
47.16253,-3.1644970000000003,16209.1583333,7.7
47.1597,-3.15595,16209.160416699999,7.8
47.15681,-3.147408,16209.1625,7.8
47.15382,-3.138273,16209.1645833,7.9
47.150929999999995,-3.1297099999999998,16209.166666699999,7.8
47.14805,-3.121353,16209.16875,7.7
47.14609,-3.115793,16209.170138899999,7.6
47.139540000000004,-3.061753,16209.1847222,4.8
47.14343,-3.044768,16209.1909722,4.9
47.14439,-3.040377,16209.193055599999,4.9
47.14667,-3.029557,16209.196527799999,5.0
47.14744,-3.025642,16209.197916699999,5.0
47.14847,-3.020248,16209.2006944,2.7
47.148920000000004,-3.0176819999999998,16209.2027778,1.9
47.14925,-3.015812,16209.2041667,1.7
47.1495,-3.0143619999999998,16209.20625,1.7
47.14942,-3.013162,16209.2076389,0.7
47.14924,-3.0134380000000003,16209.2090278,0.5
47.14912,-3.01373,16209.2104167,0.4
47.14842,-3.0156080000000003,16209.2222222,1.1
47.15142,-3.022857,16209.2270833,3.4
47.15047,-3.02432,16209.2284722,2.3
47.14891,-3.025032,16209.2305556,2.5
47.14738,-3.025758,16209.2319444,2.5
47.14568,-3.026687,16209.2340278,2.5
47.14309,-3.028093,16209.2368056,2.5
47.14135,-3.029058,16209.2388889,2.5
47.138220000000004,-3.030938,16209.2423611,2.4
47.137229999999995,-3.030095,16209.2451389,1.6
47.137859999999996,-3.0231220000000003,16209.2520833,1.9
47.138059999999996,-3.021407,16209.254166699999,1.4
47.138259999999995,-3.019727,16209.255555599999,1.7
47.13841,-3.018382,16209.2569444,1.5
47.13892,-3.015677,16209.2611111,1.1
47.13935,-3.013423,16209.2645833,0.9
47.139759999999995,-3.0114330000000002,16209.267361100001,0.9
47.14025,-3.010597,16209.2694444,1.5
47.14079,-3.0093099999999997,16209.270833300001,1.8
47.14115,-3.008035,16209.272222200001,1.2
47.14162,-3.006468,16209.275,1.2
47.1421,-3.004972,16209.277083300001,1.1
46.87766,-2.861417,16209.4055556,3.1
46.95058,-2.928073,16209.4576389,3.5
46.89731,-2.887883,16209.4854167,4.3
46.89284,-2.890737,16209.489583300001,3.1
46.88861,-2.892673,16209.5006944,7.3
46.892379999999996,-2.895453,16209.5027778,5.6
46.9064,-2.905847,16209.509027799999,6.5
46.9125,-2.910225,16209.5111111,6.7
46.91731,-2.91376,16209.513888899999,5.9
46.92248,-2.9175869999999997,16209.5159722,6.1
46.92546,-2.919848,16209.517361100001,6.4
46.94715,-2.929568,16209.53125,1.3
46.94751,-2.930165,16209.536805599999,0.5
46.93822,-2.906857,16209.55,2.5
46.93806,-2.906,16209.552083300001,0.2
46.937059999999995,-2.903657,16209.5555556,2.7
46.93582,-2.901107,16209.556944400001,2.7
46.93393,-2.896947,16209.5597222,2.9
46.93291,-2.894487,16209.5618056,2.9
46.9315,-2.890992,16209.5645833,3.0
46.92896,-2.884347,16209.5694444,2.6
46.92863,-2.882627,16209.571527799999,0.4
46.92899,-2.882548,16209.572916699999,0.5
46.92924,-2.882615,16209.5743056,1.0
46.92944,-2.882555,16209.5756944,0.4
46.9301,-2.882247,16209.5791667,0.5
46.93067,-2.882043,16209.58125,0.8
46.93105,-2.881847,16209.5826389,0.9
46.93172,-2.881473,16209.5854167,0.8
46.93206,-2.88137,16209.5868056,0.5
46.93233,-2.881478,16209.588194400001,0.7
46.93248,-2.881417,16209.589583300001,0.8
46.93302,-2.881097,16209.5923611,0.4
46.93338,-2.8809080000000002,16209.5944444,0.8
46.93377,-2.880763,16209.5958333,0.6
46.934,-2.880592,16209.5972222,0.6
46.934670000000004,-2.880162,16209.6006944,0.6
46.935109999999995,-2.879838,16209.6020833,0.6
46.93553,-2.879528,16209.604166699999,0.7
46.93626,-2.8791330000000004,16209.6069444,0.7
46.93657,-2.878933,16209.6083333,0.6
46.93688,-2.878708,16209.6097222,0.5
46.93723,-2.878557,16209.611111100001,0.6
46.93755,-2.8784520000000002,16209.6125,0.7
46.93793,-2.878308,16209.6138889,0.8
46.93878,-2.8780080000000003,16209.6166667,0.8
46.939240000000005,-2.877843,16209.6180556,1.9
46.940529999999995,-2.878997,16209.619444400001,4.1
46.94104,-2.881775,16209.620833300001,4.4
46.93962,-2.88597,16209.6229167,4.0
46.93857,-2.888763,16209.6243056,3.9
46.93675,-2.89295,16209.6263889,3.9
46.93567,-2.895435,16209.6277778,3.9
46.93394,-2.8974450000000003,16209.6298611,3.8
46.93177,-2.892507,16209.6319444,4.1
46.929840000000006,-2.888095,16209.634027799999,4.5
46.92781,-2.88352,16209.6361111,4.7
46.92563,-2.8788650000000002,16209.6381944,4.5
46.92348,-2.874232,16209.6402778,4.7
46.92142,-2.8697880000000002,16209.642361100001,4.3
46.919309999999996,-2.865298,16209.6444444,4.5
46.917390000000005,-2.861145,16209.6465278,4.5
46.91533,-2.8580900000000002,16209.6486111,3.5
46.91556,-2.861097,16209.65,4.3
46.915890000000005,-2.86662,16209.652083300001,4.2
46.91616,-2.871712,16209.6541667,4.4
46.9164,-2.876962,16209.65625,4.3
46.91659,-2.88226,16209.6583333,4.4
46.91683,-2.88806,16209.6611111,4.1
46.91693,-2.8932580000000003,16209.6631944,4.3
46.91706,-2.898498,16209.665277799999,4.5
46.91717,-2.90388,16209.6673611,4.4
46.91725,-2.909443,16209.6694444,4.3
46.91731,-2.915557,16209.6715278,4.5
46.91729,-2.922227,16209.6743056,4.4
46.91733,-2.9301180000000002,16209.677083300001,4.2
46.917190000000005,-2.932823,16209.678472200001,3.9
46.9136,-2.938532,16209.681944400001,4.0
46.91086,-2.943102,16209.6840278,3.9
46.90844,-2.948035,16209.6868056,4.2
46.90664,-2.951603,16209.6888889,4.0
46.904090000000004,-2.95688,16209.691666699999,3.8
46.90193,-2.961132,16209.69375,4.1
46.89895,-2.967167,16209.6972222,3.2
46.90737,-2.93887,16209.7076389,5.2
46.9111,-2.926718,16209.7118056,5.2
46.91617,-2.884475,16209.7263889,4.8
46.91669,-2.8772279999999997,16209.729166699999,4.8
46.91681,-2.8794880000000003,16209.74375,4.5
46.91434,-2.927823,16209.7631944,4.3
46.913990000000005,-2.932922,16209.7652778,4.2
46.913509999999995,-2.940315,16209.76875,4.2
46.91012,-2.8591029999999997,16209.7972222,4.9
46.91041,-2.8509830000000003,16209.8006944,3.9
46.91216,-2.879527,16209.8125,4.6
46.91167,-2.8606830000000003,16209.81875,4.5
46.94532,-2.902308,16209.8555556,4.4
46.938140000000004,-2.8869380000000002,16209.8763889,4.7
46.935520000000004,-2.88096,16210.0840278,3.7
46.89391,-2.973648,16210.9,5.2
46.894529999999996,-2.96961,16210.9027778,4.6
46.91693,-2.915723,16210.925,4.8
46.91061,-2.943243,16210.9638889,4.6
46.91727,-2.910202,16210.9951389,5.9
46.91121,-2.92912,16211.0013889,5.8
46.90895,-2.936555,16211.0034722,5.8
46.90699,-2.943428,16211.005555599999,6.0
46.90509,-2.949968,16211.0076389,5.9
46.903259999999996,-2.956552,16211.0097222,5.9
46.9014,-2.963475,16211.0125,5.8
46.89922,-2.971053,16211.0145833,5.8
46.89625,-2.961752,16211.0458333,4.5
46.91312,-2.932118,16211.0652778,2.9
46.91551,-2.932718,16211.0673611,2.6
46.9192,-2.933973,16211.0708333,2.8
46.92062,-2.934358,16211.0722222,2.5
46.92198,-2.934682,16211.0736111,2.4
46.92451,-2.93528,16211.076388899999,2.5
46.92609,-2.935665,16211.0777778,2.4
46.927659999999996,-2.935337,16211.079861100001,2.3
46.93071,-2.93411,16211.083333300001,2.2
46.93316,-2.933218,16211.0861111,2.2
46.935629999999996,-2.93226,16211.0888889,2.4
46.937020000000004,-2.9318020000000002,16211.0902778,2.3
46.93827,-2.931403,16211.0916667,2.4
46.9395,-2.944252,16211.1006944,0.8
46.93971,-2.9439,16211.1020833,1.7
46.91935,-2.9259020000000002,16211.125,2.6
46.916940000000004,-2.9245970000000003,16211.1270833,2.8
46.89071,-2.905758,16211.1555556,2.3
46.89444,-2.91153,16211.1583333,7.7
46.89934,-2.923553,16211.1611111,7.9
46.900090000000006,-2.928583,16211.1625,7.7
46.89953,-2.937173,16211.1645833,7.8
46.89553,-2.956082,16211.1694444,6.1
46.90173,-2.959977,16211.1722222,6.7
46.90681,-2.9630419999999997,16211.1743056,6.9
46.91209,-2.966668,16211.1763889,6.6
46.917359999999995,-2.970398,16211.178472200001,6.4
46.92326,-2.974297,16211.18125,6.5
46.92876,-2.977623,16211.183333300001,6.5
46.93379,-2.981002,16211.1854167,6.6
46.944959999999995,-2.988372,16211.1902778,7.0
46.919259999999994,-2.973027,16211.8416667,2.5
46.91892,-2.972012,16212.0361111,3.1
46.92094,-2.973737,16212.0381944,2.9
46.92365,-2.9760869999999997,16212.040277799999,2.8
46.92497,-2.976877,16212.041666699999,2.9
46.926390000000005,-2.977402,16212.0430556,2.8
46.92928,-2.978507,16212.0458333,2.8
46.93094,-2.97917,16212.0472222,3.0
46.9133,-2.9778700000000002,16212.0701389,2.1
46.91475,-2.977252,16212.0722222,4.5
46.91892,-2.977938,16212.0743056,4.6
46.92237,-2.978405,16212.076388899999,4.6
46.926359999999995,-2.979175,16212.0791667,3.3
46.937490000000004,-2.981545,16212.0875,3.4
46.93929,-2.9818849999999997,16212.0888889,3.4
46.941109999999995,-2.9822319999999998,16212.0902778,3.2
46.9444,-2.982772,16212.0930556,3.4
46.94467,-2.992083,16212.0986111,2.0
46.944959999999995,-2.992865,16212.1,2.0
46.94599,-2.992388,16212.1013889,0.4
46.94612,-2.989865,16212.1034722,2.3
47.4598,-4.411695,16213.6576389,7.2
47.47338,-4.446251999999999,16213.666666699999,6.9
47.47803,-4.458732,16213.670138899999,7.4
47.48025,-4.464944999999999,16213.6715278,7.5
47.48526,-4.4789769999999995,16213.6756944,7.4
47.4922,-4.49777,16213.6805556,7.7
47.4947,-4.504443,16213.681944400001,6.9
47.50057,-4.520097,16213.6861111,7.5
47.50241,-4.524971,16213.6875,8.0
47.50578,-4.5340169999999995,16213.6895833,7.9
47.5108,-4.547618,16213.69375,6.8
47.515840000000004,-4.560962,16213.6972222,7.6
47.51945,-4.57036,16213.6993056,7.6
47.52432,-4.58298,16213.7027778,7.2
47.5285,-4.5938669999999995,16213.7055556,7.5
47.53176,-4.602396,16213.7076389,7.9
47.53544,-4.611903,16213.7104167,7.0
47.53931,-4.621703,16213.7125,7.9
47.54101,-4.62606,16213.7138889,7.3
47.54459,-4.635113,16213.7159722,7.3
47.54652,-4.640033,16213.7173611,7.8
47.54847,-4.644918,16213.71875,7.7
47.5534,-4.657478,16213.7222222,7.3
47.5573,-4.66734,16213.724305599999,8.3
47.55937,-4.672472,16213.7256944,7.6
47.561170000000004,-4.677017,16213.7270833,7.6
47.56326,-4.682222,16213.7284722,7.2
47.56534,-4.68748,16213.7298611,6.9
47.56878,-4.695985,16213.732638899999,7.4
47.57274,-4.7057,16213.7347222,7.6
47.57526,-4.711880000000001,16213.736111100001,7.9
47.57721,-4.71659,16213.7375,7.7
47.57925,-4.72144,16213.7388889,7.4
47.58323,-4.731118,16213.7416667,7.3
47.58712,-4.74044,16213.74375,7.4
47.589290000000005,-4.745497,16213.7451389,7.8
47.59109,-4.749798,16213.7465278,7.7
47.59552,-4.760152,16213.7493056,7.3
47.59769,-4.765212,16213.7506944,7.6
47.59984,-4.770652,16213.7520833,8.1
47.60777,-4.792892,16213.7576389,7.8
47.60928,-4.797405,16213.759027799999,6.9
47.61139,-4.80355,16213.760416699999,8.0
47.61292,-4.807983,16213.7618056,6.5
47.61588,-4.816488,16213.763888899999,7.4
47.617709999999995,-4.821848,16213.7652778,7.2
47.6195,-4.827072,16213.7666667,7.7
47.62222,-4.83528,16213.7694444,7.7
47.62712,-4.849699,16213.7729167,7.6
47.62977,-4.85762,16213.775,7.5
47.63371,-4.869452,16213.7777778,7.5
47.63782,-4.881828,16213.78125,6.9
47.64053,-4.890052,16213.7833333,7.7
47.642920000000004,-4.897195,16213.7847222,7.4
47.64591,-4.906137,16213.7875,7.0
47.648990000000005,-4.915187,16213.7895833,6.2
47.65106,-4.921144,16213.7909722,7.0
47.65504,-4.932703,16213.7944444,7.2
47.65873,-4.94337,16213.7972222,7.6
47.66274,-4.954878,16213.8,7.5
47.66585,-4.963935,16213.8027778,7.2
47.6694,-4.9747,16213.8048611,7.2
47.67107,-4.980005,16213.80625,7.5
47.672909999999995,-4.985526999999999,16213.808333300001,7.6
47.67595,-4.9945900000000005,16213.8104167,7.7
47.6814,-5.009803,16213.8145833,7.5
47.68649,-5.024014,16213.818055599999,7.6
47.68871,-5.030313,16213.8194444,7.4
47.69093,-5.036644,16213.8208333,7.7
47.69252,-5.041182,16213.8222222,7.4
47.6944,-5.046659,16213.8236111,7.6
47.69658,-5.053051,16213.825,7.6
47.69815,-5.057745,16213.826388899999,7.4
47.70084,-5.065892,16213.8284722,7.6
47.70414,-5.0757129999999995,16213.83125,7.5
47.706340000000004,-5.08214,16213.8326389,7.4
47.70885,-5.089465000000001,16213.834722200001,7.3
47.71267,-5.100461,16213.8375,7.7
47.717079999999996,-5.113258,16213.8402778,7.1
47.71865,-5.117848,16213.8416667,7.5
47.7205,-5.1233629999999994,16213.8430556,7.4
47.724509999999995,-5.135197,16213.8458333,7.5
47.727109999999996,-5.142702,16213.847916699999,7.3
47.72965,-5.1498870000000005,16213.85,7.6
47.73417,-5.162503,16213.8534722,7.9
47.73843,-5.1742550000000005,16213.85625,7.0
47.74137,-5.182348,16213.8583333,7.7
47.745329999999996,-5.193125,16213.861111100001,7.2
47.74855,-5.202095,16213.8631944,7.6
47.7508,-5.208416000000001,16213.864583300001,7.2
47.75275,-5.213792,16213.8666667,7.5
47.756679999999996,-5.224622,16213.86875,7.4
47.759609999999995,-5.232727,16213.870833300001,7.4
47.763090000000005,-5.242567,16213.8736111,7.4
47.766329999999996,-5.251655,16213.8763889,7.1
47.7698,-5.26147,16213.8784722,7.3
47.77394,-5.273194999999999,16213.88125,7.3
47.777409999999996,-5.283011,16213.884027799999,7.2
47.77988,-5.289955,16213.8861111,7.0
47.78268,-5.297992,16213.8881944,7.3
47.7878,-5.3196900000000005,16213.8930556,7.3
47.78968,-5.330218,16213.895833300001,7.2
47.7973,-5.353855,16213.902083300001,6.7
47.81935,-5.498572,16214.1298611,2.9
47.82703,-5.45209,16214.5243056,7.8
47.83271,-5.502797,16214.5576389,2.7
47.75845,-5.269328,16215.7791667,6.1
47.75854,-5.26219,16215.7805556,6.2
47.758590000000005,-5.254137999999999,16215.7826389,6.1
47.75873,-5.240595,16215.786805599999,6.0
47.75882,-5.230955000000001,16215.7895833,6.1
47.7589,-5.222013,16215.791666699999,6.2
47.75895,-5.215281,16215.79375,5.9
47.75909,-5.203625,16215.7965278,6.1
47.759170000000005,-5.19599,16215.798611100001,6.1
47.75936,-5.187494999999999,16215.8013889,6.2
47.75949,-5.180573000000001,16215.8027778,6.2
47.759570000000004,-5.175892,16215.8041667,6.2
47.759640000000005,-5.165825,16215.806944400001,6.2
47.75971,-5.1573400000000005,16215.8090278,6.3
47.75971,-5.153555,16215.8104167,6.1
47.75976,-5.143315,16215.8131944,6.2
47.75982,-5.133675,16215.8159722,6.4
47.759859999999996,-5.123754,16215.81875,6.3
47.75979,-5.1147800000000005,16215.8208333,6.2
47.7598,-5.110082,16215.8222222,6.4
47.75983,-5.102423,16215.8243056,6.1
47.75977,-5.09264,16215.8270833,6.3
47.759679999999996,-5.08371,16215.8291667,6.3
47.75959,-5.078192,16215.8305556,6.2
47.75932,-5.06883,16215.833333300001,6.2
47.75911,-5.06374,16215.834722200001,6.1
47.75904,-5.058168,16215.8361111,6.1
47.75912,-5.050169,16215.838194400001,6.2
47.75923,-5.04598,16215.839583300001,6.2
47.759440000000005,-5.036735,16215.8423611,6.2
47.759859999999996,-5.016817,16215.847916699999,6.3
47.76013,-5.007297,16215.85,6.2
47.76052,-4.997357,16215.852777799999,6.4
47.760709999999996,-4.992203,16215.854166699999,6.3
47.76064,-4.980128,16215.857638899999,6.3
47.76055,-4.970625,16215.8597222,6.3
47.760459999999995,-4.966285,16215.861111100001,6.3
47.76041,-4.960659,16215.8625,6.4
47.76043,-4.9523150000000005,16215.864583300001,6.5
47.76043,-4.945707,16215.8666667,6.3
47.76035,-4.937362,16215.86875,6.4
47.7602,-4.926482,16215.8715278,6.1
47.76007,-4.919971,16215.8736111,6.2
47.75982,-4.909832,16215.8763889,6.5
47.75963,-4.900683,16215.8784722,6.3
47.75952,-4.892002,16215.880555599999,6.2
47.75942,-4.883453,16215.8833333,6.1
47.7593,-4.875365,16215.885416699999,6.1
47.75925,-4.86739,16215.8875,6.0
47.7592,-4.859380000000001,16215.8895833,6.2
47.7591,-4.852885,16215.8916667,6.3
47.75892,-4.844779,16215.89375,6.3
47.7588,-4.838262,16215.8951389,6.4
47.75869,-4.832992,16215.8965278,6.5
47.75861,-4.828655,16215.8979167,6.3
47.75849,-4.821772,16215.9,6.2
47.75833,-4.813177,16215.902083300001,6.2
47.75822,-4.807085,16215.9034722,6.5
47.75817,-4.802687000000001,16215.9048611,6.3
47.758,-4.7903199999999995,16215.9083333,6.4
47.75793,-4.781961,16215.910416699999,6.3
47.75782,-4.769973,16215.9131944,6.5
47.75785,-4.761122,16215.9159722,6.4
47.75783,-4.75263,16215.9180556,6.6
47.75796,-4.74078,16215.9208333,6.3
47.7581,-4.732053,16215.923611100001,6.3
47.758379999999995,-4.721812,16215.9263889,6.2
47.75858,-4.71323,16215.928472200001,6.3
47.75867,-4.707565,16215.9298611,6.4
47.758790000000005,-4.701935,16215.93125,6.3
47.75892,-4.69458,16215.933333300001,6.3
47.75894,-4.686792,16215.9354167,6.4
47.75895,-4.678553,16215.9375,6.3
47.75893,-4.6720489999999995,16215.9395833,6.3
47.75884,-4.663778,16215.941666699999,6.3
47.758759999999995,-4.65511,16215.94375,6.2
47.758720000000004,-4.650462999999999,16215.9451389,6.2
47.75854,-4.6399,16215.947916699999,6.1
47.75845,-4.629705,16215.9506944,6.2
47.758359999999996,-4.625472,16215.9520833,6.3
47.75812,-4.61596,16215.954861100001,6.3
47.75795,-4.6081449999999995,16215.9569444,6.3
47.75785,-4.598845,16215.9590278,6.1
47.75782,-4.594723,16215.9604167,5.9
47.75773,-4.58901,16215.9618056,6.0
47.75768,-4.584085,16215.963194400001,5.9
47.757659999999994,-4.579082,16215.964583300001,6.1
47.75757,-4.571492,16215.9666667,6.0
47.757459999999995,-4.566468,16215.9680556,6.0
47.75735,-4.561105,16215.9701389,6.1
47.757220000000004,-4.5530610000000005,16215.9722222,6.1
47.75704,-4.542173,16215.975,6.2
47.756809999999994,-4.533738,16215.9770833,6.1
47.75674,-4.529545,16215.9784722,6.1
47.756609999999995,-4.5237099999999995,16215.9798611,6.2
47.756479999999996,-4.518667,16215.98125,6.0
47.756370000000004,-4.514487,16215.982638899999,6.0
47.75613,-4.50626,16215.9847222,6.0
47.756,-4.502028,16215.986111100001,6.0
47.75561,-4.49223,16215.9888889,6.0
47.75527,-4.484045,16215.990972200001,5.9
47.75483,-4.475027,16215.99375,6.0
47.754490000000004,-4.466823000000001,16215.995833300001,6.0
47.754459999999995,-4.460185,16215.9979167,6.0
47.75439,-4.449389,16216.0006944,6.0
47.75432,-4.440997,16216.0034722,6.0
47.75423,-4.434367,16216.0048611,6.0
47.7541,-4.425935,16216.0076389,6.1
47.75403,-4.41712,16216.010416699999,5.2
47.75393,-4.409978,16216.0125,4.8
47.75385,-4.402783,16216.0152778,4.8
47.7538,-4.397423000000001,16216.0166667,4.9
47.75371,-4.392766,16216.01875,4.9
47.75359,-4.385482,16216.020833300001,4.9
47.75353,-4.382115,16216.022222200001,5.1
47.7534,-4.374651,16216.025,5.0
47.75327,-4.36698,16216.027083300001,5.2
47.75432,-4.363137,16216.0284722,5.2
47.75554,-4.359342,16216.0298611,5.1
47.757,-4.354846,16216.0319444,5.2
47.75993,-4.3472599999999995,16216.0347222,5.9
47.762609999999995,-4.342075,16216.0361111,5.9
47.764509999999994,-4.338101999999999,16216.0375,5.9
47.76701,-4.331748,16216.0395833,6.0
47.76852,-4.328252,16216.0409722,6.2
47.77149,-4.322003,16216.0430556,6.3
47.774809999999995,-4.315454,16216.045138899999,6.3
47.77748,-4.310343,16216.0472222,6.3
47.781079999999996,-4.303073,16216.0493056,6.1
47.78416,-4.296993,16216.0513889,6.1
