lat,long,time,speed
26.91133,120.3551,16192.6597222,8.7
26.91038,120.3418,16192.6625,8.3
