lat,long,time,speed
23.67221,117.5853,16217.28125,7.5
23.6847,117.5772,16217.2861111,7.0
23.68555,117.5767,16217.2875,7.4
23.6946,117.5712,16217.290277799999,6.8
23.70482,117.5628,16217.295138899999,7.4
23.7134,117.5539,16217.3,7.8
23.73771,117.5394,16217.3097222,5.4
23.741,117.53399999999999,16217.3125,5.3
23.74346,117.5269,16217.3159722,5.6
23.74705,117.5189,16217.3194444,5.1
23.752129999999998,117.5151,16217.3222222,5.4
23.7564,117.5105,16217.3256944,4.9
23.75142,117.5063,16217.3326389,0.0
23.72329,117.5399,16218.9381944,9.2
23.69705,117.5499,16218.9472222,6.5
23.68392,117.5544,16218.9520833,7.3
23.67705,117.5584,16218.954861100001,7.6
23.6663,117.5635,16218.9590278,7.4
23.65387,117.5685,16218.9638889,6.5
23.6296,117.5779,16218.9736111,6.3
23.61083,117.5857,16218.9805556,7.3
