lat,long,time,speed
29.87118,122.3712,16191.05,1.2
29.870379999999997,122.3708,16191.05625,0.0
29.870390000000004,122.3708,16191.0701389,0.0
29.727159999999998,123.18799999999999,16192.5375,10.1
29.79985,122.5509,16192.838194400001,9.0
29.803459999999998,122.5312,16192.8430556,8.5
29.80698,122.5202,16192.8465278,9.2
29.81118,122.5042,16192.8506944,8.9
29.8206,122.4549,16192.8625,8.8
29.82232,122.4163,16192.8729167,9.1
29.86717,122.3669,16192.89375,8.5
29.87019,122.3701,16192.8965278,6.2
29.87688,122.359,16192.9,9.1
29.894040000000004,122.3443,16192.9069444,7.5
29.89916,122.3379,16192.9097222,7.6
29.90352,122.3308,16192.911805599999,7.7
29.914070000000002,122.3175,16192.916666699999,7.7
29.91562,122.3158,16192.91875,7.8
29.928720000000002,122.2836,16192.927083300001,8.8
29.931559999999998,122.2809,16192.9291667,8.5
29.94073,122.2733,16192.9361111,4.0
29.94,122.2737,16192.9395833,5.5
29.939590000000003,122.2727,16192.9444444,0.0
29.939559999999997,122.2727,16192.9638889,0.0
29.939590000000003,122.2727,16192.9923611,0.0
29.93935,122.2728,16193.010416699999,0.0
29.93883,122.2736,16193.020833300001,1.1
29.940209999999997,122.2751,16193.0236111,0.3
29.93945,122.2758,16193.495833300001,7.2
29.93334,122.2787,16193.5,9.2
29.923090000000002,122.29299999999999,16193.5020833,9.6
29.91794,122.3098,16193.505555599999,9.4
29.8913,122.3459,16193.5159722,9.6
29.8748,122.3624,16193.5215278,9.8
29.87296,122.3701,16193.5243056,1.6
29.87375,122.3695,16193.527083300001,1.3
29.8754,122.3694,16193.5298611,0.8
29.87632,122.3704,16193.5340278,8.0
29.87094,122.3712,16193.5381944,0.0
29.87104,122.3711,16193.5590278,0.0
29.871240000000004,122.3704,16193.5645833,1.1
29.874109999999998,122.37,16193.5756944,3.6
29.87143,122.3698,16193.5791667,1.5
29.870890000000003,122.3711,16193.59375,0.0
29.871779999999998,122.3701,16193.6020833,1.2
29.88223,122.3544,16193.6125,12.4
29.90297,122.3344,16193.6180556,12.5
29.933740000000004,122.2793,16193.6298611,11.2
29.94401,122.2697,16193.6333333,11.1
29.94837,122.2629,16193.6361111,11.2
29.958240000000004,122.2488,16193.6395833,10.7
29.96347,122.2392,16193.6416667,10.5
29.96463,122.2378,16193.6534722,6.3
29.95931,122.2462,16193.6555556,8.4
29.9505,122.2598,16193.6597222,8.6
29.94667,122.2639,16193.661805599999,8.5
29.9713,122.34200000000001,16198.1368056,8.3
30.004070000000002,122.3539,16198.145833300001,8.3
30.01163,122.3553,16198.1486111,8.0
30.024390000000004,122.3597,16198.1534722,8.3
30.1118,122.596,16198.2166667,9.1
30.114959999999996,122.6083,16198.2194444,8.6
30.0929,122.5792,16198.7201389,10.2
30.0892,122.5723,16198.722916699999,10.4
30.070390000000003,122.5435,16198.7298611,10.5
29.97363,122.3843,16198.8444444,0.0
29.97237,122.3751,16198.857638899999,10.9
29.94298,122.31200000000001,16198.8756944,9.4
29.943620000000003,122.3095,16198.8784722,9.4
29.93982,122.2844,16198.8833333,9.4
29.951529999999998,122.2596,16198.8909722,9.8
29.957140000000003,122.2499,16198.8944444,10.1
29.9648,122.2374,16198.8965278,5.8
29.965590000000002,122.2367,16198.910416699999,0.0
29.960390000000004,122.2441,16198.9347222,9.4
29.956809999999997,122.2495,16198.9368056,9.4
29.947429999999997,122.2632,16198.9388889,9.6
29.940179999999998,122.2738,16198.94375,7.8
29.95727,122.3297,16199.2472222,8.9
29.97115,122.3687,16199.2583333,9.6
29.98248,122.4241,16199.272222200001,9.2
30.022209999999998,122.5036,16199.6694444,8.8
29.97969,122.4248,16199.6902778,10.1
29.944229999999997,122.3083,16199.7180556,9.9
29.94221,122.292,16199.722916699999,9.8
29.940759999999997,122.2752,16199.727777799999,2.0
29.94247,122.2724,16199.736111100001,8.9
29.95318,122.2564,16199.7402778,9.6
29.960179999999998,122.2454,16199.7423611,9.4
29.96345,122.2396,16199.744444400001,9.6
29.96537,122.23700000000001,16199.759027799999,0.0
29.9654,122.2371,16199.7777778,0.0
29.962090000000003,122.2412,16199.795138899999,8.3
29.96002,122.2451,16199.7972222,8.5
29.94306,122.2701,16199.803472200001,8.5
29.93879,122.281,16202.0305556,8.7
29.959670000000003,122.3313,16202.0444444,11.6
29.98592,122.3477,16202.0493056,11.0
30.012729999999998,122.3567,16202.056944400001,11.2
30.961029999999997,122.9983,16202.5736111,1.3
30.965759999999996,122.9974,16202.5826389,1.3
30.969959999999997,122.9948,16202.5923611,3.5
30.974829999999997,122.9924,16202.5951389,2.7
30.977090000000004,122.9921,16202.597916699999,2.2
30.888609999999996,122.9995,16202.7666667,8.7
30.03533,122.3612,16203.020833300001,7.6
29.9423,122.3158,16203.056944400001,9.4
29.94114,122.2895,16203.0631944,9.0
29.9478,122.2637,16203.0694444,9.6
29.95172,122.2587,16203.072916699999,9.4
29.960440000000002,122.2451,16203.075,7.4
29.96343,122.2395,16203.0770833,8.7
29.965320000000002,122.2368,16203.0791667,1.3
29.96535,122.23700000000001,16203.104166699999,0.0
29.96548,122.2371,16203.1229167,0.5
29.965459999999997,122.2371,16203.1333333,0.2
29.961920000000003,122.2425,16203.1381944,10.3
29.95055,122.2598,16203.1416667,10.5
29.940440000000002,122.2875,16203.1479167,10.7
29.96477,122.3355,16203.1611111,10.3
30.00872,122.3544,16203.1729167,8.8
29.94295,122.3111,16204.9854167,10.5
29.94533,122.3034,16204.9875,11.2
29.94073,122.2885,16204.9923611,10.8
29.939559999999997,122.2822,16204.994444400001,10.5
29.94929,122.2615,16204.9965278,10.8
29.965320000000002,122.2366,16205.0111111,2.0
29.96527,122.2362,16205.0131944,2.7
29.965390000000003,122.23700000000001,16205.020833300001,0.0
29.963040000000003,122.2398,16205.0381944,7.6
29.955140000000004,122.2534,16205.0423611,8.7
29.947540000000004,122.2631,16205.0458333,8.3
29.940170000000002,122.2738,16205.0506944,8.5
29.9428,122.3121,16205.0604167,9.0
29.95992,122.3315,16205.0652778,11.7
30.01561,122.3559,16205.0784722,11.9
30.026159999999997,122.3583,16205.08125,11.7
29.94244,122.2908,16209.177083300001,0.0
29.94227,122.2907,16209.1791667,2.9
29.94438,122.3084,16209.1840278,9.0
30.014609999999998,122.355,16209.2027778,12.5
30.02705,122.3598,16209.20625,11.7
30.04522,122.3726,16209.2104167,9.6
30.00497,122.5223,16210.0375,9.9
29.9967,122.51100000000001,16210.0409722,10.2
29.98905,122.505,16210.0430556,10.4
29.95705,122.4877,16210.0513889,11.2
29.853340000000003,122.4278,16210.0791667,10.2
29.845240000000004,122.4239,16210.08125,10.4
29.828129999999998,122.4133,16210.0854167,10.3
29.828059999999997,122.40100000000001,16210.088194400001,10.4
29.833159999999996,122.3863,16210.0916667,10.2
29.840359999999997,122.3778,16210.09375,10.4
29.84693,122.3725,16210.0965278,11.6
29.861340000000002,122.3652,16210.1,10.0
29.869690000000002,122.3702,16210.102777799999,0.4
29.876409999999996,122.3626,16210.1201389,9.5
29.894479999999998,122.3421,16210.1270833,9.8
29.901190000000003,122.3332,16210.129166699999,9.8
29.90761,122.3224,16210.1319444,10.2
29.91357,122.3136,16210.1347222,10.3
29.91984,122.3017,16210.1375,10.4
29.926470000000002,122.2858,16210.1409722,10.9
29.938109999999998,122.2763,16210.1444444,10.1
29.94722,122.2643,16210.1479167,10.5
29.957390000000004,122.2497,16210.152083300001,10.6
29.9648,122.2363,16210.1555556,5.9
29.96554,122.2366,16210.1645833,0.0
29.9657,122.2359,16210.1777778,0.9
29.95733,122.25,16210.1826389,8.4
29.95392,122.2556,16210.1847222,8.9
29.94455,122.2685,16210.1881944,8.5
29.94065,122.2763,16210.1909722,8.6
29.943790000000003,122.3084,16210.2,9.0
30.012559999999997,122.3571,16210.21875,12.1
30.027340000000002,122.3664,16210.2222222,11.0
30.039,122.3792,16210.2263889,9.6
30.06918,122.5381,16210.2666667,9.3
30.06683,122.5834,16210.2777778,9.0
30.70676,122.8125,16211.5034722,6.9
30.00715,122.3486,16211.7451389,7.2
29.978790000000004,122.3409,16211.754166699999,8.3
29.942890000000002,122.3136,16211.7680556,9.4
29.945290000000004,122.3029,16211.7701389,9.0
29.939690000000002,122.2845,16211.775,8.7
29.93887,122.2789,16211.7798611,0.0
29.9387,122.2781,16211.785416699999,3.3
29.940509999999996,122.2741,16211.7875,9.9
29.950509999999998,122.2603,16211.7909722,9.9
29.957240000000002,122.2501,16211.79375,9.8
29.96408,122.2377,16211.7972222,7.2
29.96515,122.2373,16211.8,0.8
29.965159999999997,122.2373,16211.8041667,0.3
29.96525,122.2374,16211.8284722,0.0
29.9651,122.2371,16211.838194400001,3.5
29.95716,122.2504,16211.8430556,8.5
29.94592,122.2662,16211.847916699999,9.0
29.9415,122.2725,16211.8506944,9.2
29.93907,122.2799,16211.852777799999,0.7
29.93911,122.28,16211.8555556,0.1
29.938979999999997,122.28,16213.115972200001,1.4
29.941959999999998,122.2912,16213.1201389,7.7
29.944020000000002,122.3093,16213.125,9.8
29.9532,122.3271,16213.130555599999,8.6
29.958540000000003,122.3303,16213.1326389,8.3
30.01163,122.3559,16213.150694400001,7.7
30.024520000000003,122.3623,16214.0701389,9.2
29.986620000000002,122.3476,16214.079861100001,10.0
29.95743,122.3291,16214.0888889,9.2
29.94245,122.3169,16214.0930556,9.7
29.94228,122.3126,16214.0944444,8.3
29.942429999999998,122.2724,16214.1055556,8.4
29.946170000000002,122.2661,16214.107638899999,8.1
29.95103,122.2598,16214.1097222,8.3
29.95557,122.2533,16214.1118056,7.8
29.959940000000003,122.2451,16214.114583300001,8.0
29.96545,122.2368,16214.1180556,2.2
29.9656,122.2367,16214.1215278,0.5
29.939020000000003,122.2815,16215.9277778,2.0
29.939220000000002,122.2845,16215.9298611,5.4
30.74424,122.8174,16219.6993056,8.3
30.73459,122.8053,16219.8055556,0.0
30.734720000000003,122.8054,16219.854166699999,0.0
30.73524,122.8051,16219.8770833,0.8
29.965759999999996,122.3352,16221.6958333,7.7
29.95379,122.3244,16221.7006944,7.7
29.94505,122.3055,16221.708333300001,8.2
29.93964,122.2785,16221.7152778,8.6
29.94395,122.2695,16221.7173611,9.1
29.95627,122.2522,16221.7236111,8.9
29.965059999999998,122.2378,16221.744444400001,0.0
