lat,long,time,speed
57.69021,-134.7832,16197.8916667,7.1
57.69803,-134.7828,16197.8944444,7.2
57.879780000000004,-134.842,16197.9555556,7.2
58.28841,-134.9706,16202.9048611,9.1
58.06572,-134.8555,16202.9715278,8.8
57.22408000000001,-134.6777,16203.2215278,8.8
56.947469999999996,-133.8962,16205.964583300001,0.0
56.90319,-134.4966,16208.7847222,7.6
56.863440000000004,-134.3765,16208.8930556,0.0
56.897459999999995,-134.4965,16209.3375,0.0
56.89605,-134.4977,16209.3416667,6.4
56.887280000000004,-134.4906,16209.8055556,3.6
56.88468,-134.5106,16209.8673611,8.6
56.96077,-134.1408,16209.933333300001,8.3
56.95912,-134.1179,16209.9368056,8.2
56.947469999999996,-133.8962,16210.25,0.0
56.695009999999996,-134.466,16210.975,6.8
56.45626,-134.531,16211.2909722,3.0
56.457530000000006,-134.5294,16211.2930556,1.0
56.45568000000001,-134.5288,16211.352777799999,3.3
56.45673000000001,-134.5285,16211.35625,4.1
56.80516,-134.5111,16211.821527799999,0.0
56.86666999999999,-134.519,16211.951388899999,2.0
56.96335,-133.9925,16213.8388889,7.6
56.93727,-134.3631,16213.9034722,7.8
56.935990000000004,-134.3724,16213.9048611,7.8
56.82238,-134.5154,16213.9673611,1.5
56.564719999999994,-134.4998,16214.2222222,1.1
56.513619999999996,-134.4758,16214.2875,6.6
56.84601,-134.5248,16214.8145833,7.9
56.84993000000001,-134.5211,16214.8159722,8.1
56.934909999999995,-134.3455,16214.880555599999,6.9
56.96363,-134.0229,16214.9458333,7.3
56.886140000000005,-133.9151,16216.2388889,8.6
56.52635,-133.7357,16216.3680556,9.0
56.4653,-132.3824,16217.3430556,0.0
56.4688,-132.3823,16217.9395833,0.0
56.468790000000006,-132.3823,16220.2076389,0.0
56.46881,-132.3824,16221.9076389,0.0
