lat,long,time,speed
27.96838,121.20200000000001,16216.8770833,7.4
27.9674,121.1948,16216.879166699999,7.6
27.96599,121.1874,16216.8819444,6.9
27.963420000000003,121.1797,16216.884027799999,7.0
27.96508,121.1732,16216.8861111,7.7
27.97503,121.1705,16216.8902778,6.3
27.97741,121.1717,16216.892361100001,0.1
