lat,long,time,speed
66.79485,13.44235,16191.013888899999,0.0
66.79483,13.44235,16191.0284722,0.0
66.79484000000001,13.4423,16191.0472222,0.0
66.79485,13.44235,16191.0638889,0.0
66.79488,13.44235,16191.303472200001,0.0
66.79485,13.44235,16191.318055599999,0.0
66.79485,13.44231,16191.3326389,0.0
66.79485,13.44234,16191.3472222,0.0
66.79486,13.44235,16191.3618056,0.0
66.79485,13.442329999999998,16191.3763889,0.0
66.79484000000001,13.4423,16191.4013889,0.0
66.79485,13.44232,16191.4159722,0.0
66.79483,13.442329999999998,16191.4326389,0.0
66.79484000000001,13.4423,16191.4618056,0.0
66.79486999999999,13.442279999999998,16191.482638899999,0.0
66.79484000000001,13.442260000000001,16191.4972222,0.0
66.79484000000001,13.44232,16191.5180556,0.0
66.79485,13.44229,16191.5326389,0.0
66.79483,13.44229,16191.5472222,0.0
66.79483,13.4423,16191.5618056,0.0
66.79485,13.442279999999998,16191.5909722,0.0
66.79486999999999,13.442279999999998,16191.6055556,0.0
66.79488,13.44234,16191.6201389,0.0
66.79488,13.44234,16191.6347222,0.0
66.79485,13.44229,16191.6493056,0.0
66.79485,13.4423,16191.6638889,0.0
66.79485,13.44231,16191.678472200001,0.0
66.79486,13.44235,16191.6951389,0.0
66.79482,13.44232,16191.7118056,0.0
66.79483,13.442260000000001,16191.732638899999,0.0
66.79485,13.44219,16191.7493056,0.0
66.79486,13.442229999999999,16191.7659722,0.0
66.79485,13.442210000000001,16191.7826389,0.0
66.79485,13.44225,16191.7972222,0.0
66.79486999999999,13.442279999999998,16191.8118056,0.0
66.79485,13.442279999999998,16191.826388899999,0.0
66.79484000000001,13.442279999999998,16191.8409722,0.0
66.79485,13.442279999999998,16191.8555556,0.0
66.79486,13.44231,16191.8722222,0.0
66.79485,13.44231,16191.8868056,0.0
66.79483,13.44234,16191.9034722,0.0
66.79481,13.44232,16191.9180556,0.0
66.7948,13.44232,16191.9326389,0.0
66.7948,13.44232,16191.9472222,0.0
66.79483,13.44231,16191.9618056,0.0
66.79486999999999,13.442329999999998,16191.9763889,0.0
66.79484000000001,13.442329999999998,16191.9930556,0.0
66.79485,13.442379999999998,16192.0076389,0.0
66.79485,13.44235,16192.022222200001,0.0
66.79484000000001,13.44239,16192.036805599999,0.0
66.79484000000001,13.44236,16192.0513889,0.0
66.79484000000001,13.44237,16192.0659722,0.0
66.79484000000001,13.44235,16192.0805556,0.0
66.79484000000001,13.44231,16192.0951389,0.0
66.79482,13.44232,16192.1097222,0.0
66.79484000000001,13.442260000000001,16192.1263889,0.0
66.79484000000001,13.44224,16192.1409722,0.0
66.79483,13.44227,16192.1555556,0.0
66.79483,13.4423,16192.170138899999,0.0
66.79484000000001,13.44227,16192.1847222,0.0
66.79485,13.4423,16192.1993056,0.0
66.79485,13.44231,16192.2138889,0.0
66.79488,13.442329999999998,16192.2284722,0.0
66.79485,13.44234,16192.2451389,0.0
66.79486999999999,13.44236,16192.2597222,0.0
66.79486999999999,13.44239,16192.2743056,0.0
66.79485,13.44234,16192.2888889,0.0
66.79486,13.44232,16192.303472200001,0.0
66.79486,13.44232,16192.318055599999,0.0
66.79486999999999,13.442329999999998,16192.3368056,0.0
66.79485,13.44234,16192.3513889,0.0
66.79488,13.442329999999998,16192.365972200001,0.0
66.79488,13.44236,16192.380555599999,0.0
66.79485,13.44232,16192.3951389,0.0
66.79485,13.44234,16192.4097222,0.0
66.79484000000001,13.44234,16192.4243056,0.0
66.79483,13.44231,16192.4388889,0.0
66.79483,13.44232,16192.4555556,0.0
66.79484000000001,13.442329999999998,16192.4701389,0.0
66.79485,13.44232,16192.4847222,0.0
66.79488,13.44229,16192.4993056,0.0
66.79485,13.4423,16192.513888899999,0.0
66.79485,13.44231,16192.5284722,0.0
66.79483,13.442279999999998,16192.5430556,0.0
66.79484000000001,13.4423,16192.5597222,0.0
66.79483,13.44229,16192.5743056,0.0
66.79483,13.44227,16192.5930556,0.0
66.79485,13.44231,16192.607638899999,0.0
66.79485,13.44237,16192.6222222,0.0
66.79485,13.44236,16192.6368056,0.0
66.79485,13.44235,16192.6513889,0.0
66.79486,13.442329999999998,16192.6659722,0.0
66.79485,13.44232,16192.6805556,0.0
66.79484000000001,13.442329999999998,16192.6951389,0.0
66.79481,13.442329999999998,16192.709722200001,0.0
66.79482,13.44229,16192.724305599999,0.0
66.79483,13.442260000000001,16192.7388889,0.0
66.79483,13.44224,16192.7534722,0.0
66.79485,13.442229999999999,16192.7680556,0.0
66.79485,13.4422,16192.7826389,0.0
66.79485,13.4422,16192.7972222,0.0
66.79485,13.442260000000001,16192.8138889,0.0
66.79484000000001,13.442329999999998,16192.8284722,0.0
66.79482,13.4423,16192.8430556,0.0
66.79485,13.44232,16192.857638899999,0.0
66.79486,13.44231,16192.8729167,0.0
66.79484000000001,13.44227,16192.8868056,0.0
66.79482,13.44229,16192.9013889,0.0
66.79482,13.4423,16192.9159722,0.0
66.79479,13.44229,16192.9305556,0.0
66.79483,13.442329999999998,16192.9451389,0.0
66.79483,13.44234,16192.959722200001,0.0
66.79483,13.4423,16192.982638899999,0.0
66.79484000000001,13.442329999999998,16192.9972222,0.0
66.79484000000001,13.44234,16193.013888899999,0.0
66.79482,13.442379999999998,16193.0284722,0.0
66.79483,13.44236,16193.0430556,0.0
66.79483,13.44237,16193.0576389,0.0
66.7948,13.44231,16193.0722222,0.0
66.79483,13.44232,16193.0888889,0.0
66.79483,13.4423,16193.1034722,0.0
66.79483,13.4423,16193.1180556,0.0
66.79483,13.442279999999998,16193.1326389,0.0
66.79483,13.44222,16193.1493056,0.0
66.79483,13.44225,16193.1638889,0.0
66.79484000000001,13.44225,16193.1805556,0.0
66.79484000000001,13.442260000000001,16193.1951389,0.0
66.79483,13.4423,16193.209722200001,0.0
66.79488,13.44235,16193.224305599999,0.0
66.79485,13.442379999999998,16193.2388889,0.0
66.79486,13.44236,16193.255555599999,0.0
66.79486,13.44235,16193.2701389,0.0
66.79485,13.442379999999998,16193.2847222,0.0
66.79485,13.44235,16193.2993056,0.0
66.79485,13.44232,16193.3159722,0.0
66.79485,13.442329999999998,16193.334722200001,0.0
66.79486999999999,13.44234,16193.349305599999,0.0
66.79486999999999,13.44234,16193.3638889,0.0
66.79486,13.44232,16193.3784722,0.0
66.79485,13.44231,16193.3930556,0.0
66.79485,13.442329999999998,16193.4097222,0.0
66.79482,13.44232,16193.4243056,0.0
66.79484000000001,13.44232,16193.4409722,0.0
66.79482,13.44229,16193.4555556,0.1
66.79484000000001,13.4423,16193.4701389,0.0
66.79485,13.44232,16193.4847222,0.0
66.79486,13.44232,16193.4993056,0.0
66.79486,13.442329999999998,16193.5159722,0.0
66.79484000000001,13.4423,16193.5305556,0.0
66.79484000000001,13.44234,16193.545138899999,0.0
66.79485,13.44231,16193.5597222,0.0
66.79485,13.44232,16193.5743056,0.0
66.79483,13.44231,16193.5888889,0.0
66.79484000000001,13.44231,16193.6034722,0.0
66.79488,13.44232,16193.6243056,0.0
66.79486,13.44234,16193.6409722,0.0
66.79485,13.44234,16193.6555556,0.0
66.79488,13.442329999999998,16193.670138899999,0.0
66.79485,13.44232,16193.6847222,0.0
66.79482,13.44236,16193.6993056,0.0
66.79483,13.442260000000001,16193.7138889,0.0
66.79485,13.442229999999999,16193.7284722,0.0
66.79485,13.442229999999999,16193.7430556,0.0
66.79485,13.44224,16193.7597222,0.0
66.79485,13.442179999999999,16193.7763889,0.0
66.79486,13.44225,16193.795138899999,0.0
66.79486,13.4422,16193.8118056,0.0
66.79485,13.4423,16193.826388899999,0.0
66.7948,13.442279999999998,16193.8409722,0.0
66.79483,13.44231,16193.8555556,0.0
66.79484000000001,13.4423,16193.8701389,0.0
66.79482,13.4423,16193.8847222,0.0
66.79479,13.44225,16193.8993056,0.0
66.79483,13.44231,16193.9138889,0.0
66.79482,13.44227,16193.928472200001,0.0
66.79485,13.442329999999998,16193.943055599999,0.0
66.79485,13.44231,16193.9576389,0.0
66.79489000000001,13.44231,16193.9722222,0.0
66.79484000000001,13.442329999999998,16193.9868056,0.0
66.79488,13.44236,16194.0013889,0.0
66.79486999999999,13.442329999999998,16194.0159722,0.0
66.79483,13.44234,16194.0326389,0.0
66.79484000000001,13.44231,16194.0472222,0.0
66.79483,13.44234,16194.0638889,0.0
66.79483,13.44227,16194.0805556,0.0
66.79484000000001,13.44236,16194.0951389,0.0
66.79483,13.44235,16194.1097222,0.0
66.79484000000001,13.44224,16194.1243056,0.0
66.79484000000001,13.442279999999998,16194.138888899999,0.0
66.79484000000001,13.442260000000001,16194.1534722,0.0
66.79485,13.442329999999998,16194.1680556,0.0
66.79485,13.442279999999998,16194.1826389,0.0
66.79485,13.44232,16194.1972222,0.0
66.79485,13.44235,16194.2118056,0.0
66.79485,13.44234,16194.2263889,0.0
66.79488,13.442379999999998,16194.240972200001,0.0
66.79485,13.4424,16194.255555599999,0.0
66.79485,13.44236,16194.2701389,0.0
66.79485,13.44236,16194.2847222,0.0
66.79485,13.44234,16194.2993056,0.0
66.79483,13.4423,16194.3138889,0.0
66.79485,13.442329999999998,16194.3284722,0.0
66.79483,13.44237,16194.3430556,0.0
66.79485,13.44232,16194.357638899999,0.0
66.79488,13.44237,16194.3743056,0.0
66.79486,13.44231,16194.388888899999,0.0
66.79485,13.44232,16194.4034722,0.0
66.79485,13.44232,16194.420138899999,0.0
66.79483,13.442329999999998,16194.4347222,0.0
66.79485,13.442329999999998,16194.4493056,0.0
66.79485,13.44234,16194.4638889,0.0
66.79486999999999,13.44232,16194.4784722,0.0
66.79486999999999,13.44235,16194.4930556,0.0
66.79485,13.44234,16194.5097222,0.0
66.79485,13.44231,16194.5243056,0.0
66.79485,13.44234,16194.5388889,0.0
66.79483,13.44231,16194.553472200001,0.0
66.79484000000001,13.4423,16194.5701389,0.0
66.79483,13.44229,16194.584722200001,0.0
66.79483,13.44227,16194.599305599999,0.0
66.79486,13.442329999999998,16194.615972200001,0.0
66.79486999999999,13.44232,16194.630555599999,0.0
66.79485,13.442329999999998,16194.6451389,0.0
66.79486999999999,13.44232,16194.6597222,0.0
66.79486,13.44234,16194.6763889,0.0
66.79483,13.44235,16194.693055599999,0.0
66.79484000000001,13.44234,16194.7076389,0.0
66.79485,13.44227,16194.724305599999,0.0
66.79483,13.442210000000001,16194.7388889,0.0
66.79488,13.44225,16194.7534722,0.0
66.79486,13.44222,16194.7680556,0.0
66.79488,13.442260000000001,16194.7826389,0.0
66.79485,13.44224,16194.7972222,0.0
66.79485,13.442279999999998,16194.8118056,0.0
66.79486999999999,13.4423,16194.826388899999,0.0
66.79485,13.44229,16194.8409722,0.0
66.79485,13.4423,16194.857638899999,0.0
66.79483,13.442279999999998,16194.8722222,0.0
66.79482,13.442279999999998,16194.8868056,0.0
66.79483,13.442279999999998,16194.9013889,0.0
66.79483,13.442279999999998,16194.9159722,0.0
66.79482,13.44232,16194.9305556,0.0
66.79483,13.44232,16194.9451389,0.0
66.79481,13.44237,16194.9618056,0.0
66.79485,13.44232,16194.9763889,0.0
66.79484000000001,13.44232,16194.990972200001,0.0
66.79484000000001,13.4423,16195.005555599999,0.0
66.79482,13.44237,16195.022222200001,0.0
66.79482,13.44232,16195.036805599999,0.0
66.79483,13.44231,16195.0513889,0.0
66.79482,13.44232,16195.0659722,0.0
66.79482,13.44227,16195.0805556,0.0
66.79481,13.44231,16195.0951389,0.0
66.79482,13.442260000000001,16195.1097222,0.0
66.79483,13.44225,16195.1263889,0.0
66.79483,13.4423,16195.1409722,0.0
66.79484000000001,13.44224,16195.1576389,0.0
66.79484000000001,13.442279999999998,16195.1722222,0.0
66.79485,13.44229,16195.1868056,0.0
66.79484000000001,13.44229,16195.201388899999,0.0
66.79486999999999,13.44229,16195.2159722,0.0
66.79486999999999,13.442329999999998,16195.232638899999,0.0
66.79488,13.442420000000002,16195.2472222,0.0
66.79486,13.44235,16195.2618056,0.0
66.79485,13.44236,16195.2763889,0.0
66.79485,13.44234,16195.2930556,0.0
66.79485,13.44234,16195.3076389,0.0
66.79485,13.4423,16195.3222222,0.0
66.79485,13.442329999999998,16195.3368056,0.0
66.79486999999999,13.44235,16195.3513889,0.0
66.79485,13.44231,16195.365972200001,0.0
66.79485,13.44231,16195.380555599999,0.0
66.79484000000001,13.44232,16195.3951389,0.0
66.79482,13.44234,16195.4097222,0.0
66.79483,13.44232,16195.4243056,0.0
66.79484000000001,13.44232,16195.4409722,0.0
66.79483,13.44232,16195.4555556,0.0
66.79488,13.44231,16195.4701389,0.0
66.79486999999999,13.44232,16195.4847222,0.0
66.79485,13.44232,16195.4993056,0.0
66.79485,13.44234,16195.513888899999,0.0
66.79485,13.44232,16195.5284722,0.0
66.79484000000001,13.44234,16195.5430556,0.0
66.79483,13.44229,16195.5597222,0.0
66.79483,13.442279999999998,16195.5743056,0.0
66.79484000000001,13.442329999999998,16195.5888889,0.0
66.79485,13.44234,16195.6034722,0.0
66.79485,13.4423,16195.6243056,0.0
66.79485,13.44231,16195.638888899999,0.0
66.79485,13.44231,16195.6534722,0.0
66.79486,13.44231,16195.670138899999,0.0
66.79484000000001,13.44236,16195.6888889,0.0
66.79482,13.44231,16195.7034722,0.0
66.79485,13.44224,16195.7180556,0.0
66.79484000000001,13.44225,16195.7347222,0.0
66.79485,13.44224,16195.7534722,0.0
66.79485,13.44224,16195.7680556,0.0
66.79486,13.442210000000001,16195.7826389,0.0
66.79486,13.442179999999999,16195.7972222,0.0
66.79483,13.44224,16195.8118056,0.0
66.79485,13.442279999999998,16195.826388899999,0.0
66.79485,13.4423,16195.8409722,0.0
66.79485,13.44232,16195.8555556,0.0
66.79485,13.44229,16195.8701389,0.0
66.79483,13.44227,16195.8847222,0.0
66.79482,13.44224,16195.8993056,0.0
66.79482,13.442260000000001,16195.9138889,0.0
66.79481,13.44231,16195.928472200001,0.0
66.79483,13.44232,16195.9451389,0.0
66.79482,13.44235,16195.959722200001,0.0
66.79485,13.442329999999998,16195.974305599999,0.0
66.79484000000001,13.44236,16195.9888889,0.0
66.79485,13.44235,16196.0034722,0.0
66.79482,13.44236,16196.0180556,0.0
66.79483,13.442329999999998,16196.0326389,0.0
66.79483,13.44234,16196.0493056,0.0
66.79482,13.4423,16196.0638889,0.0
66.79483,13.4423,16196.0784722,0.0
66.7948,13.44235,16196.0930556,0.0
66.79483,13.44225,16196.107638899999,0.0
66.79483,13.44231,16196.1222222,0.0
66.79482,13.44232,16196.1368056,0.0
66.79483,13.442329999999998,16196.1576389,0.0
66.79483,13.44232,16196.1722222,0.0
66.79484000000001,13.44231,16196.1868056,0.0
66.79485,13.442379999999998,16196.2034722,0.0
66.79485,13.44237,16196.224305599999,0.0
66.79486999999999,13.44241,16196.2388889,0.0
66.79485,13.442379999999998,16196.255555599999,0.0
66.79486,13.44237,16196.272222200001,0.0
66.79484000000001,13.44235,16196.286805599999,0.0
66.79485,13.44231,16196.303472200001,0.0
66.79485,13.442329999999998,16196.318055599999,0.0
66.79485,13.44234,16196.3326389,0.0
66.79488,13.44234,16196.3472222,0.0
66.79485,13.44235,16196.3618056,0.0
66.79485,13.44231,16196.3763889,0.0
66.79485,13.44232,16196.3909722,0.0
66.79485,13.442329999999998,16196.4055556,0.0
66.79483,13.442329999999998,16196.420138899999,0.0
66.79483,13.44231,16196.4347222,0.0
66.79486,13.44231,16196.4493056,0.0
66.79486999999999,13.442329999999998,16196.4680556,0.0
66.79485,13.4423,16196.490972200001,0.0
66.79484000000001,13.442329999999998,16196.505555599999,0.0
66.79484000000001,13.44229,16196.5201389,0.0
66.79485,13.4423,16196.5347222,0.0
66.79484000000001,13.442329999999998,16196.553472200001,0.0
66.79484000000001,13.442260000000001,16196.5701389,0.0
66.79483,13.44231,16196.5868056,0.0
66.79488,13.44232,16196.6034722,0.0
66.79489000000001,13.4423,16196.6180556,0.0
66.79485,13.44234,16196.6368056,0.0
66.79485,13.44229,16196.6534722,0.0
66.79485,13.4423,16196.6680556,0.0
66.79486,13.44232,16196.6826389,0.0
66.79476,13.44229,16196.6972222,0.0
66.79484000000001,13.44225,16196.7138889,0.0
66.79483,13.442210000000001,16196.7284722,0.0
66.79484000000001,13.44219,16196.7430556,0.0
66.79485,13.44222,16196.7576389,0.0
66.79486,13.4422,16196.772222200001,0.0
66.79485,13.44224,16196.786805599999,0.0
66.79485,13.442210000000001,16196.8013889,0.0
66.79485,13.442279999999998,16196.8159722,0.0
66.79483,13.44227,16196.8305556,0.0
66.79485,13.44231,16196.8472222,0.0
66.79484000000001,13.442260000000001,16196.8618056,0.0
66.79485,13.442279999999998,16196.8763889,0.0
66.79482,13.442279999999998,16196.8909722,0.0
66.79483,13.4423,16196.9055556,0.0
66.79482,13.44229,16196.920138899999,0.0
66.79483,13.4423,16196.9347222,0.0
66.79482,13.44234,16196.951388899999,0.0
66.79485,13.44232,16196.9659722,0.0
66.79483,13.44234,16196.9805556,0.0
66.79484000000001,13.44234,16196.9951389,0.0
66.79482,13.44235,16197.0118056,0.1
66.79481,13.44237,16197.0284722,0.0
66.79483,13.44235,16197.0430556,0.0
66.79482,13.44235,16197.0576389,0.0
66.79483,13.44232,16197.0826389,0.0
66.79483,13.442279999999998,16197.1034722,0.1
66.79483,13.44224,16197.1201389,0.1
66.79482,13.44227,16197.1347222,0.1
66.79483,13.44231,16197.1576389,0.0
66.79483,13.44231,16197.1743056,0.1
66.79484000000001,13.4423,16197.1951389,0.1
66.79485,13.44234,16197.2118056,0.1
66.79486999999999,13.4424,16197.2305556,0.1
66.79484000000001,13.44236,16197.2513889,0.1
66.79485,13.44236,16197.2701389,0.2
66.79484000000001,13.44236,16197.2909722,0.0
66.79484000000001,13.44234,16197.3076389,0.0
66.79484000000001,13.44234,16197.3243056,0.2
66.79486,13.44235,16197.3409722,0.1
66.79486,13.44235,16197.3555556,0.1
66.79485,13.44232,16197.3701389,0.0
66.79485,13.44234,16197.3868056,0.3
66.79483,13.442329999999998,16197.4076389,0.0
66.79483,13.44232,16197.4243056,0.0
66.79483,13.4423,16197.4409722,0.0
66.79486999999999,13.442329999999998,16197.4576389,0.0
66.79485,13.44232,16197.4784722,0.0
66.79486999999999,13.44231,16197.4951389,0.0
66.79485,13.44231,16197.5118056,0.1
66.79484000000001,13.4423,16197.5284722,0.0
66.79484000000001,13.44231,16197.5430556,0.1
66.79484000000001,13.4423,16197.5618056,0.0
66.79483,13.4423,16197.5784722,0.0
66.79485,13.44232,16197.5951389,0.0
66.79488,13.44235,16197.6118056,0.0
66.79486,13.44232,16197.6263889,0.0
66.79485,13.44235,16197.6409722,0.1
66.79485,13.442329999999998,16197.6576389,0.1
66.79485,13.44235,16197.6722222,0.0
66.79484000000001,13.44235,16197.6868056,0.0
66.79484000000001,13.44231,16197.701388899999,0.0
66.79485,13.44224,16197.7159722,0.0
66.79483,13.442210000000001,16197.7305556,0.0
66.79484000000001,13.442229999999999,16197.7472222,0.1
66.79485,13.44217,16197.7618056,0.0
66.79485,13.442229999999999,16197.7763889,0.0
66.79486999999999,13.4422,16197.7909722,0.0
66.79484000000001,13.44222,16197.8055556,0.0
66.79486,13.442260000000001,16197.8201389,0.0
66.79485,13.44227,16197.834722200001,0.0
66.79486999999999,13.4423,16197.849305599999,0.0
66.79485,13.44227,16197.865972200001,0.0
66.79483,13.44225,16197.880555599999,0.0
66.79482,13.44227,16197.8951389,0.0
66.79483,13.442279999999998,16197.9097222,0.0
66.79483,13.44232,16197.9243056,0.0
66.79482,13.44232,16197.9388889,0.1
66.79483,13.44235,16197.9534722,0.0
66.79484000000001,13.442329999999998,16197.9701389,0.0
66.79484000000001,13.44231,16197.9847222,0.0
66.79485,13.44236,16197.9993056,0.1
66.79483,13.44237,16198.013888899999,0.0
66.79484000000001,13.44235,16198.0284722,0.0
66.79484000000001,13.44232,16198.0430556,0.1
66.79483,13.4423,16198.0576389,0.1
66.79484000000001,13.44231,16198.0743056,0.0
66.79483,13.4423,16198.0909722,0.0
66.79485,13.44227,16198.107638899999,0.0
66.79483,13.442229999999999,16198.1243056,0.0
66.79484000000001,13.442260000000001,16198.1409722,0.2
66.79485,13.442260000000001,16198.1743056,0.2
66.79485,13.44229,16198.1972222,0.3
66.79486,13.44231,16198.2159722,0.2
66.79485,13.44234,16198.240972200001,0.0
66.79485,13.44236,16198.2569444,0.1
66.79485,13.44235,16198.2777778,0.0
66.79486999999999,13.44231,16198.2944444,0.0
66.79485,13.442279999999998,16198.3097222,0.2
66.79485,13.44235,16198.3256944,0.0
66.79488,13.44235,16198.3402778,0.0
66.79486999999999,13.4423,16198.3548611,0.0
66.79485,13.44229,16198.3701389,0.2
66.79484000000001,13.4423,16198.384027799999,0.0
66.79483,13.4423,16198.3986111,0.0
66.79483,13.44231,16198.4131944,0.0
66.79484000000001,13.4423,16198.4277778,0.0
66.79483,13.44229,16198.4423611,0.0
66.79485,13.4423,16198.4569444,0.0
66.79486,13.44232,16198.4715278,0.0
66.79488,13.4423,16198.486111100001,0.0
66.79486999999999,13.44234,16198.5006944,0.0
66.79484000000001,13.44232,16198.5152778,0.0
66.79484000000001,13.44232,16198.5298611,0.0
66.79484000000001,13.44232,16198.5444444,0.0
66.79485,13.44229,16198.5611111,0.0
66.79482,13.4423,16198.5756944,0.0
66.79485,13.44231,16198.5902778,0.0
66.79488,13.442329999999998,16198.6048611,0.0
66.79486,13.44234,16198.619444400001,0.0
66.79484000000001,13.44232,16198.6361111,0.0
66.79485,13.442329999999998,16198.650694400001,0.0
66.79484000000001,13.44234,16198.665277799999,0.0
66.79483,13.442379999999998,16198.6798611,0.0
66.79482,13.44232,16198.6944444,0.0
66.79485,13.442279999999998,16198.7090278,0.0
66.79482,13.44225,16198.727777799999,0.0
66.79484000000001,13.442260000000001,16198.744444400001,0.0
66.79483,13.4422,16198.759027799999,0.0
66.79486999999999,13.442279999999998,16198.7736111,0.0
66.79488,13.442210000000001,16198.7881944,0.0
66.79484000000001,13.44222,16198.803472200001,0.0
66.79485,13.4423,16198.8236111,0.0
66.79485,13.442279999999998,16198.838194400001,0.0
66.79483,13.44229,16198.852777799999,0.0
66.79483,13.44225,16198.8673611,0.0
66.79483,13.44225,16198.8819444,0.0
66.79483,13.442279999999998,16198.8986111,0.0
66.79483,13.44229,16198.9131944,0.0
66.79482,13.44232,16198.9277778,0.0
66.79483,13.44232,16198.9423611,0.0
66.79488,13.44231,16198.9569444,0.0
66.79486999999999,13.44231,16198.9715278,0.0
66.79488,13.44235,16198.986111100001,0.0
66.79486999999999,13.44236,16199.0006944,0.0
66.79485,13.44235,16199.0152778,0.0
66.79485,13.44234,16199.0298611,0.0
66.79483,13.44234,16199.0444444,0.0
66.79484000000001,13.44235,16199.0590278,0.0
66.79483,13.4423,16199.0736111,0.0
66.79483,13.442329999999998,16199.0902778,0.0
66.79485,13.44229,16199.1048611,0.0
66.79483,13.442229999999999,16199.119444400001,0.0
66.79483,13.4423,16199.1361111,0.0
66.79484000000001,13.44232,16199.150694400001,0.0
66.79485,13.44231,16199.1673611,0.0
66.79485,13.4423,16199.1840278,0.0
66.79488,13.442329999999998,16199.2006944,0.0
66.79486999999999,13.442379999999998,16199.2152778,0.0
66.79486,13.442429999999998,16199.2319444,0.0
66.79486999999999,13.44236,16199.2465278,0.0
66.79485,13.44237,16199.267361100001,0.0
66.79488,13.44231,16199.2819444,0.0
66.79486,13.44234,16199.2965278,0.0
66.79486,13.44234,16199.3111111,0.0
66.79484000000001,13.44235,16199.3256944,0.0
66.79485,13.44234,16199.3402778,0.0
66.79485,13.44234,16199.361111100001,0.0
66.79485,13.4423,16199.3777778,0.0
66.79485,13.44231,16199.392361100001,0.0
66.79483,13.44232,16199.4069444,0.0
66.79483,13.44231,16199.4215278,0.0
66.79483,13.44234,16199.4361111,0.0
66.79485,13.44234,16199.4506944,0.0
66.79486,13.4423,16199.4652778,0.0
66.79485,13.4423,16199.4798611,0.0
66.79486999999999,13.44234,16199.494444400001,0.0
66.79485,13.442329999999998,16199.509027799999,0.0
66.79485,13.44231,16199.5236111,0.0
66.79485,13.44232,16199.5381944,0.0
66.79485,13.44232,16199.5527778,0.0
66.79484000000001,13.442329999999998,16199.5673611,0.0
66.79485,13.4423,16199.5819444,0.0
66.79486,13.44234,16199.5986111,0.0
66.79486,13.44234,16199.6152778,0.0
66.79483,13.44234,16199.6298611,0.0
66.79486999999999,13.442329999999998,16199.6493056,0.0
66.79485,13.44234,16199.6631944,0.0
66.79483,13.44237,16199.6777778,0.0
66.79484000000001,13.44234,16199.6923611,0.0
66.79484000000001,13.442279999999998,16199.7069444,0.0
66.79483,13.44222,16199.7236111,0.0
66.79485,13.44222,16199.7402778,0.0
66.79485,13.442210000000001,16199.7548611,0.0
66.79485,13.442260000000001,16199.7736111,0.0
66.79488,13.44225,16199.790277799999,0.0
66.79485,13.4423,16199.806944400001,0.0
66.79486999999999,13.44229,16199.821527799999,0.0
66.79485,13.44235,16199.838194400001,0.0
66.79485,13.4423,16199.852777799999,0.0
66.79485,13.4423,16199.8673611,0.0
66.79483,13.442260000000001,16199.8819444,0.0
66.79483,13.442279999999998,16199.8965278,0.0
66.79482,13.44229,16199.9111111,0.0
66.79484000000001,13.442329999999998,16199.9256944,0.0
66.79485,13.4423,16199.9402778,0.0
66.79486999999999,13.442329999999998,16199.9569444,0.0
66.79485,13.44231,16199.9715278,0.0
66.79488,13.442329999999998,16199.986111100001,0.0
66.79485,13.44234,16200.0006944,0.0
66.79483,13.44234,16200.0152778,0.0
66.79485,13.44235,16200.0319444,0.0
66.79484000000001,13.4423,16200.0465278,0.0
66.79483,13.44231,16200.0611111,0.0
66.79485,13.4423,16200.0756944,0.0
66.79483,13.442329999999998,16200.0902778,0.0
66.79482,13.442279999999998,16200.1048611,0.0
66.79482,13.442229999999999,16200.119444400001,0.0
66.79483,13.44229,16200.134027799999,0.0
66.79484000000001,13.44231,16200.1486111,0.0
66.79484000000001,13.44229,16200.1631944,0.0
66.79485,13.442279999999998,16200.1798611,0.0
66.79485,13.442329999999998,16200.1944444,0.0
66.79488,13.442329999999998,16200.2090278,0.0
66.79489000000001,13.44245,16200.2256944,0.0
66.79486,13.44235,16200.244444400001,0.0
66.79485,13.44237,16200.2631944,0.0
66.79484000000001,13.44231,16200.2777778,0.0
66.79486,13.442329999999998,16200.2923611,0.0
66.79485,13.44234,16200.306944400001,0.0
66.79485,13.442329999999998,16200.3236111,0.0
66.79486999999999,13.442329999999998,16200.3444444,0.0
66.79485,13.442329999999998,16200.3590278,0.0
66.79485,13.442279999999998,16200.3736111,0.0
66.79485,13.44232,16200.3902778,0.0
66.79483,13.4423,16200.4048611,0.0
66.79484000000001,13.44232,16200.4215278,0.0
66.79485,13.44231,16200.4361111,0.0
66.79489000000001,13.442329999999998,16200.4506944,0.0
66.79486,13.44234,16200.4652778,0.0
66.79486,13.44234,16200.4798611,0.0
66.79484000000001,13.44234,16200.494444400001,0.0
66.79484000000001,13.44236,16200.509027799999,0.0
66.79484000000001,13.44232,16200.525694400001,0.0
66.79483,13.44231,16200.5423611,0.0
66.79484000000001,13.44229,16200.556944400001,0.0
66.79484000000001,13.44232,16200.571527799999,0.0
66.79485,13.442329999999998,16200.5861111,0.0
66.79486999999999,13.44235,16200.6006944,0.0
66.79485,13.44235,16200.6152778,0.0
66.79485,13.44231,16200.6298611,0.0
66.79485,13.44232,16200.6444444,0.0
66.79485,13.44235,16200.6590278,0.0
66.79484000000001,13.44234,16200.673611100001,0.0
66.79484000000001,13.44235,16200.6902778,0.0
66.79486,13.44225,16200.704861100001,0.0
66.79483,13.44222,16200.7194444,0.0
66.79484000000001,13.442210000000001,16200.7340278,0.0
66.79485,13.44224,16200.7486111,0.0
66.79486,13.44224,16200.7631944,0.0
66.79486999999999,13.442229999999999,16200.7861111,0.0
66.79484000000001,13.44227,16200.8006944,0.0
66.79483,13.44229,16200.8152778,0.0
66.79485,13.44231,16200.8361111,0.0
66.79485,13.442279999999998,16200.852777799999,0.0
66.79483,13.442229999999999,16200.869444400001,0.0
66.79483,13.44229,16200.8861111,0.0
66.79482,13.44225,16200.900694400001,0.0
66.79482,13.4423,16200.915277799999,0.0
66.79482,13.442260000000001,16200.9298611,0.0
66.79482,13.4423,16200.9444444,0.0
66.79485,13.44232,16200.9590278,0.0
66.79483,13.44232,16200.9736111,0.0
66.79484000000001,13.442329999999998,16200.9881944,0.0
66.79485,13.442329999999998,16201.0027778,0.0
66.79483,13.44236,16201.017361100001,0.0
66.79483,13.44235,16201.0319444,0.0
66.79483,13.44235,16201.0465278,0.0
66.79483,13.44236,16201.0611111,0.0
66.79485,13.442329999999998,16201.0756944,0.0
66.79483,13.442279999999998,16201.0902778,0.0
66.79485,13.44227,16201.1048611,0.0
66.79483,13.442279999999998,16201.119444400001,0.0
66.79483,13.442279999999998,16201.134027799999,0.0
66.79484000000001,13.44231,16201.1486111,0.0
66.79484000000001,13.442260000000001,16201.1631944,0.0
66.79483,13.442279999999998,16201.1777778,0.0
66.79485,13.44232,16201.1923611,0.0
66.79486,13.44231,16201.2069444,0.0
66.79488,13.44244,16201.2236111,0.0
66.79485,13.44235,16201.2381944,0.0
66.79484000000001,13.4424,16201.2527778,0.0
66.79484000000001,13.44236,16201.267361100001,0.0
66.79485,13.44235,16201.2819444,0.0
66.79483,13.44237,16201.298611100001,0.0
66.79484000000001,13.44234,16201.3131944,0.0
66.79485,13.44235,16201.3277778,0.0
66.79486999999999,13.44234,16201.3423611,0.0
66.79483,13.442329999999998,16201.3590278,0.0
66.79484000000001,13.44232,16201.3736111,0.0
66.79483,13.44234,16201.3881944,0.0
66.79482,13.44234,16201.4027778,0.0
66.79483,13.442329999999998,16201.4194444,0.0
66.79483,13.44229,16201.4340278,0.0
66.79488,13.44232,16201.4506944,0.0
66.79485,13.44232,16201.4652778,0.0
66.79488,13.44229,16201.4798611,0.0
66.79485,13.44234,16201.494444400001,0.0
66.79485,13.44235,16201.509027799999,0.0
66.79485,13.442329999999998,16201.525694400001,0.0
66.79483,13.4423,16201.540277799999,0.0
66.79484000000001,13.44227,16201.5548611,0.0
66.79483,13.44232,16201.5694444,0.0
66.79484000000001,13.442329999999998,16201.5840278,0.0
66.79486,13.442329999999998,16201.5986111,0.0
66.79486,13.44234,16201.6131944,0.0
66.79485,13.442329999999998,16201.6277778,0.0
66.79486999999999,13.442329999999998,16201.642361100001,0.0
66.79485,13.44236,16201.6569444,0.0
66.79483,13.44239,16201.6715278,0.0
66.79479,13.4423,16201.6861111,0.0
66.79486999999999,13.442279999999998,16201.7006944,0.0
66.79483,13.442229999999999,16201.7152778,0.0
66.79485,13.44222,16201.7298611,0.0
66.79485,13.442260000000001,16201.744444400001,0.0
66.79486999999999,13.44224,16201.759027799999,0.0
66.79488,13.442260000000001,16201.7736111,0.0
66.79486,13.442210000000001,16201.7881944,0.0
66.79486999999999,13.442279999999998,16201.8027778,0.0
66.79485,13.442329999999998,16201.8173611,0.0
66.79485,13.44232,16201.8340278,0.0
66.79485,13.44229,16201.8486111,0.0
66.79484000000001,13.442279999999998,16201.8631944,0.0
66.79482,13.44225,16201.8777778,0.0
66.79482,13.442260000000001,16201.892361100001,0.0
66.79482,13.44229,16201.9069444,0.0
66.79483,13.44229,16201.923611100001,0.0
66.79484000000001,13.44236,16201.9381944,0.0
66.79485,13.4423,16201.9527778,0.0
66.79484000000001,13.442329999999998,16201.9694444,0.0
66.79484000000001,13.44231,16201.9840278,0.0
66.79483,13.44237,16201.9986111,0.0
66.79484000000001,13.44237,16202.0131944,0.0
66.79483,13.44232,16202.0277778,0.0
66.79483,13.44236,16202.0444444,0.0
66.79483,13.442279999999998,16202.0590278,0.0
66.79482,13.44234,16202.0756944,0.0
66.79483,13.44232,16202.0902778,0.0
66.79483,13.44236,16202.1048611,0.0
66.79482,13.442260000000001,16202.119444400001,0.0
66.79484000000001,13.442279999999998,16202.134027799999,0.0
66.79483,13.4423,16202.1486111,0.0
66.79484000000001,13.44227,16202.165277799999,0.0
66.79485,13.44231,16202.181944400001,0.0
66.79484000000001,13.44232,16202.196527799999,0.0
66.79484000000001,13.44229,16202.2111111,0.0
66.79485,13.44239,16202.2256944,0.0
66.79485,13.44236,16202.2423611,0.0
66.79485,13.44235,16202.2569444,0.0
66.79484000000001,13.442329999999998,16202.2736111,0.0
66.79484000000001,13.44235,16202.2881944,0.0
66.79486,13.4423,16202.3027778,0.0
66.79484000000001,13.44234,16202.3173611,0.0
66.79485,13.44234,16202.3340278,0.0
66.79486,13.44232,16202.3506944,0.0
66.79485,13.4423,16202.3673611,0.0
66.79483,13.4423,16202.384027799999,0.0
66.79482,13.44231,16202.400694400001,0.0
66.79483,13.44234,16202.4173611,0.0
66.79486999999999,13.4423,16202.4381944,0.0
66.79488,13.4423,16202.454861100001,0.0
66.79488,13.442329999999998,16202.4694444,0.0
66.79486,13.4423,16202.486111100001,0.0
66.79485,13.44229,16202.5027778,0.0
66.79485,13.44229,16202.5194444,0.0
66.79484000000001,13.44231,16202.5361111,0.0
66.79484000000001,13.442279999999998,16202.5506944,0.0
66.7948,13.442279999999998,16202.5652778,0.0
66.79483,13.4423,16202.5819444,0.1
66.79486999999999,13.44234,16202.5986111,0.0
66.79485,13.442329999999998,16202.6131944,0.0
66.79485,13.44235,16202.6277778,0.0
66.79485,13.442329999999998,16202.642361100001,0.0
66.79485,13.44234,16202.6611111,0.0
66.79483,13.44236,16202.6756944,0.0
66.79486999999999,13.4423,16202.8027778,0.0
66.79485,13.44229,16202.8173611,0.0
66.79485,13.4423,16202.8319444,0.0
66.79484000000001,13.44229,16202.8465278,0.0
66.79484000000001,13.44227,16202.861111100001,0.0
66.79484000000001,13.44229,16202.8777778,0.0
66.79483,13.442279999999998,16202.8944444,0.0
66.79483,13.4423,16202.9111111,0.0
66.79482,13.442279999999998,16202.9277778,0.0
66.79485,13.4423,16202.9444444,0.0
66.79484000000001,13.4423,16202.9590278,0.0
66.79485,13.44234,16202.977777799999,0.0
66.79483,13.44234,16202.994444400001,0.0
66.79482,13.44237,16203.009027799999,0.0
66.79483,13.44235,16203.0236111,0.0
66.79482,13.44236,16203.0381944,0.0
66.79483,13.442329999999998,16203.0527778,0.0
66.79482,13.4423,16203.0673611,0.0
66.79483,13.44232,16203.0819444,0.0
66.79482,13.442260000000001,16203.0986111,0.0
66.79483,13.44231,16203.1131944,0.0
66.79483,13.44227,16203.1298611,0.0
66.79484000000001,13.442279999999998,16203.1465278,0.0
66.79484000000001,13.44229,16203.1611111,0.0
66.79483,13.44229,16203.1756944,0.0
66.79486999999999,13.44235,16203.1902778,0.0
66.79486,13.442329999999998,16203.204861100001,0.0
66.79485,13.44239,16203.2194444,0.0
66.79485,13.44237,16203.236111100001,0.0
66.79485,13.44236,16203.2527778,0.0
66.79485,13.44237,16203.267361100001,0.0
66.79485,13.44231,16203.2819444,0.0
66.79484000000001,13.44232,16203.3006944,0.0
66.79484000000001,13.44236,16203.3152778,0.0
66.79485,13.44234,16203.3319444,0.0
66.79485,13.442329999999998,16203.3486111,0.1
66.79484000000001,13.44231,16203.3673611,0.0
66.79484000000001,13.44231,16203.3819444,0.0
66.79482,13.44229,16203.3986111,0.0
66.79482,13.442329999999998,16203.4131944,0.0
66.79485,13.44232,16203.4402778,0.0
66.79486,13.44232,16203.4569444,0.1
66.79485,13.44235,16203.4902778,0.1
66.79484000000001,13.442329999999998,16203.5048611,0.0
66.79484000000001,13.44232,16203.5215278,0.0
66.79484000000001,13.44231,16203.5381944,0.0
66.79484000000001,13.442279999999998,16203.5527778,0.0
66.79483,13.44232,16203.5673611,0.0
66.79485,13.442279999999998,16203.5819444,0.0
66.79488,13.44231,16203.5965278,0.0
66.79484000000001,13.44232,16203.611111100001,0.0
66.79484000000001,13.44235,16203.6277778,0.0
66.79485,13.44234,16203.642361100001,0.0
66.79484000000001,13.44234,16203.6569444,0.0
66.79483,13.44241,16203.6715278,0.0
66.79482,13.442260000000001,16203.6881944,0.0
66.79485,13.442279999999998,16203.704861100001,0.0
66.79485,13.44227,16203.7194444,0.0
66.79486999999999,13.44224,16203.7340278,0.0
66.79486,13.442229999999999,16203.7486111,0.0
66.79486,13.44225,16203.7631944,0.0
66.79486,13.44224,16203.7777778,0.0
66.79485,13.4423,16203.7923611,0.0
66.79485,13.442279999999998,16203.806944400001,0.0
66.79486,13.4423,16203.821527799999,0.0
66.79485,13.44229,16203.838194400001,0.0
66.79484000000001,13.44225,16203.852777799999,0.0
66.79482,13.442279999999998,16203.869444400001,0.0
66.79483,13.442279999999998,16203.8881944,0.0
66.79483,13.44229,16203.9027778,0.0
66.79482,13.44229,16203.9215278,0.0
66.79485,13.442329999999998,16203.9381944,0.0
66.79485,13.44232,16203.9590278,0.0
66.79485,13.44234,16203.9736111,0.0
66.79484000000001,13.44231,16203.9902778,0.0
66.79482,13.44236,16204.0069444,0.0
66.79483,13.44234,16204.0236111,0.0
66.79482,13.442329999999998,16204.0381944,0.0
66.79483,13.44231,16204.0527778,0.0
66.79483,13.4423,16204.0673611,0.0
66.79483,13.44232,16204.0840278,0.0
66.79483,13.442329999999998,16204.0986111,0.0
66.79482,13.442260000000001,16204.1131944,0.0
66.79482,13.4423,16204.1277778,0.0
66.79484000000001,13.44231,16204.142361100001,0.0
66.79484000000001,13.4423,16204.1569444,0.0
66.79483,13.44232,16204.1715278,0.0
66.79485,13.442329999999998,16204.1861111,0.0
66.79484000000001,13.44234,16204.2006944,0.0
66.79485,13.44244,16204.2152778,0.0
66.79484000000001,13.44234,16204.2298611,0.0
66.79485,13.44236,16204.2465278,0.0
66.79485,13.44237,16204.2631944,0.0
66.79486999999999,13.442379999999998,16204.2777778,0.0
66.79485,13.44234,16204.2923611,0.0
66.79485,13.442379999999998,16204.306944400001,0.0
66.79486999999999,13.44236,16204.3256944,0.0
66.79486,13.44234,16204.3402778,0.0
66.79485,13.44235,16204.3548611,0.0
66.79485,13.44232,16204.369444400001,0.0
66.79483,13.44235,16204.384027799999,0.0
66.79482,13.442329999999998,16204.3986111,0.0
66.79483,13.442329999999998,16204.4131944,0.0
66.79484000000001,13.44232,16204.4298611,0.0
66.79486999999999,13.4423,16204.446527799999,0.0
66.79485,13.44234,16204.4611111,0.0
66.79485,13.442329999999998,16204.477777799999,0.0
66.79485,13.44231,16204.4923611,0.0
66.79485,13.44232,16204.5069444,0.0
66.79484000000001,13.44234,16204.5215278,0.0
66.79483,13.44231,16204.5361111,0.0
66.79483,13.442279999999998,16204.5506944,0.0
66.79484000000001,13.4423,16204.5652778,0.0
66.79486999999999,13.4423,16204.579861100001,0.0
66.79488,13.442329999999998,16204.5965278,0.0
66.79485,13.44234,16204.611111100001,0.0
66.79485,13.442329999999998,16204.6256944,0.0
66.79485,13.44232,16204.642361100001,0.0
66.79486,13.44234,16204.6569444,0.0
66.79483,13.44234,16204.6715278,0.0
66.79484000000001,13.442260000000001,16204.6861111,0.0
66.79485,13.442260000000001,16204.7006944,0.0
66.79485,13.442229999999999,16204.7152778,0.0
66.79486,13.442229999999999,16204.7298611,0.0
66.79486999999999,13.442210000000001,16204.7465278,0.0
66.79486,13.442210000000001,16204.7611111,0.0
66.79486999999999,13.44224,16204.775694400001,0.0
66.79484000000001,13.44225,16204.790277799999,0.0
66.79485,13.44225,16204.8048611,0.0
66.79485,13.44227,16204.8194444,0.0
66.79484000000001,13.442260000000001,16204.8340278,0.0
66.79485,13.44227,16204.8506944,0.0
66.79483,13.44229,16204.8652778,0.0
66.79482,13.442260000000001,16204.8819444,0.0
66.79483,13.442279999999998,16204.8965278,0.0
66.79483,13.442279999999998,16204.9111111,0.0
66.79485,13.44234,16204.9298611,0.0
66.79488,13.442279999999998,16204.946527799999,0.0
66.79486999999999,13.4423,16204.9652778,0.0
66.79486,13.442329999999998,16204.9798611,0.0
66.79484000000001,13.44237,16204.994444400001,0.0
66.79483,13.44229,16205.0111111,0.0
66.79484000000001,13.442329999999998,16205.025694400001,0.0
66.79483,13.442329999999998,16205.0423611,0.0
66.79484000000001,13.442279999999998,16205.056944400001,0.0
66.79483,13.442279999999998,16205.071527799999,0.0
66.79484000000001,13.442279999999998,16205.0861111,0.0
66.79484000000001,13.44224,16205.1006944,0.0
66.79483,13.44227,16205.1152778,0.0
66.79484000000001,13.442260000000001,16205.1298611,0.0
66.79484000000001,13.44229,16205.1444444,0.0
66.79484000000001,13.4423,16205.1590278,0.0
66.79485,13.44232,16205.1756944,0.0
66.79485,13.44234,16205.1923611,0.0
66.79485,13.44234,16205.2090278,0.0
66.79486,13.4424,16205.2236111,0.0
66.79485,13.442379999999998,16205.2381944,0.0
66.79483,13.44237,16205.2527778,0.0
66.79486,13.44235,16205.267361100001,0.0
66.79483,13.44235,16205.2819444,0.0
66.79483,13.44234,16205.2965278,0.0
66.79484000000001,13.442379999999998,16205.3111111,0.0
66.79485,13.442329999999998,16205.3256944,0.0
66.79485,13.442329999999998,16205.3402778,0.0
66.79485,13.44231,16205.3569444,0.0
66.79484000000001,13.44232,16205.3777778,0.0
66.79484000000001,13.44232,16205.4111111,0.0
66.79488,13.44236,16205.431944400001,0.0
66.79485,13.44232,16205.4486111,0.0
66.79485,13.44232,16205.5111111,0.0
66.79483,13.44232,16205.5694444,0.0
66.79488,13.44232,16205.5902778,0.0
66.79485,13.44236,16205.6069444,0.0
66.79485,13.44231,16205.6215278,0.0
66.79485,13.44231,16205.6361111,0.0
66.79485,13.44234,16205.6569444,0.0
66.79483,13.44231,16205.673611100001,0.0
66.79485,13.44229,16205.6881944,0.0
66.79483,13.442260000000001,16205.7027778,0.0
66.79485,13.442210000000001,16205.7173611,0.0
66.79485,13.442229999999999,16205.7319444,0.0
66.79486,13.44224,16205.7486111,0.0
66.79486999999999,13.44225,16205.7631944,0.0
66.79485,13.442229999999999,16205.7777778,0.0
66.79486,13.4423,16205.7923611,0.0
66.79483,13.442260000000001,16205.806944400001,0.0
66.79486,13.44231,16205.821527799999,0.0
66.79486,13.4423,16205.8361111,0.0
66.79485,13.44227,16205.852777799999,0.0
66.79483,13.442279999999998,16205.869444400001,0.0
66.79484000000001,13.442279999999998,16205.8861111,0.0
66.79488,13.4423,16205.9361111,0.0
66.79486999999999,13.44235,16205.9673611,0.0
66.79486999999999,13.44235,16205.9819444,0.0
66.79485,13.44237,16205.9965278,0.1
66.79485,13.44235,16206.0111111,0.1
66.79483,13.44234,16206.0298611,0.0
66.79483,13.442329999999998,16206.0444444,0.0
66.79484000000001,13.44232,16206.0590278,0.0
66.79484000000001,13.44231,16206.0756944,0.1
66.79483,13.442229999999999,16206.0902778,0.0
66.79483,13.44227,16206.1048611,0.1
66.79484000000001,13.44224,16206.119444400001,0.1
66.79485,13.442260000000001,16206.134027799999,0.1
66.79486,13.442260000000001,16206.1486111,0.0
66.79486,13.44227,16206.1631944,0.1
66.79486999999999,13.442329999999998,16206.1777778,0.0
66.79488,13.44232,16206.1923611,0.0
66.79491,13.442429999999998,16206.2090278,0.0
66.79485,13.44237,16206.2236111,0.0
66.79486,13.4424,16206.2381944,0.0
66.79486,13.44237,16206.2527778,0.0
66.79488,13.44237,16206.267361100001,0.0
66.79486,13.44234,16206.2840278,0.0
66.79486,13.44235,16206.298611100001,0.0
66.79488,13.442329999999998,16206.3131944,0.0
66.79488,13.44235,16206.3277778,0.0
66.79486999999999,13.44232,16206.3423611,0.0
66.79485,13.44227,16206.3569444,0.0
66.79484000000001,13.44232,16206.3715278,0.0
66.79482,13.4423,16206.3861111,0.0
66.79483,13.442279999999998,16206.400694400001,0.0
66.79485,13.44231,16206.415277799999,0.0
66.79485,13.44232,16206.4298611,0.0
66.79485,13.44231,16206.4486111,0.1
66.79486,13.44231,16206.4652778,0.0
66.79485,13.44235,16206.4819444,0.0
66.79485,13.44232,16206.4986111,0.0
66.79485,13.44232,16206.5152778,0.0
66.79483,13.4423,16206.5298611,0.0
66.79484000000001,13.442279999999998,16206.5444444,0.0
66.79484000000001,13.4423,16206.5590278,0.0
66.79486,13.4423,16206.5736111,0.0
66.79488,13.442329999999998,16206.588194400001,0.0
66.79485,13.4423,16206.6048611,0.0
66.79485,13.442329999999998,16206.619444400001,0.0
66.79485,13.442329999999998,16206.6361111,0.0
66.79485,13.44234,16206.650694400001,0.1
66.79483,13.442329999999998,16206.6673611,0.0
66.79486999999999,13.442260000000001,16206.681944400001,0.0
66.79484000000001,13.442279999999998,16206.6986111,0.0
66.79485,13.44222,16206.7152778,0.0
66.79485,13.44224,16206.7298611,0.0
66.79485,13.44224,16206.744444400001,0.0
66.79486,13.442229999999999,16206.759027799999,0.0
66.79486,13.442229999999999,16206.775694400001,0.0
66.79482,13.442279999999998,16206.790277799999,0.0
66.79485,13.44227,16206.8048611,0.0
66.79485,13.442279999999998,16206.821527799999,0.0
66.79485,13.442260000000001,16206.8361111,0.0
66.79483,13.442260000000001,16206.8506944,0.0
66.79483,13.442260000000001,16206.8652778,0.0
66.79483,13.442260000000001,16206.8819444,0.0
66.79483,13.44227,16206.8986111,0.0
66.79483,13.44229,16206.9131944,0.0
66.79485,13.442279999999998,16206.9277778,0.0
66.79485,13.44227,16206.9486111,0.0
66.79485,13.44239,16206.9881944,0.0
66.79485,13.442329999999998,16207.0048611,0.0
66.79484000000001,13.442329999999998,16207.025694400001,0.0
66.79485,13.44229,16207.0423611,0.0
66.79485,13.44232,16207.0590278,0.0
66.79484000000001,13.44225,16207.0840278,0.0
66.79483,13.44227,16207.1048611,0.0
66.79483,13.44227,16207.1277778,0.0
66.79485,13.44229,16207.150694400001,0.0
66.79485,13.442279999999998,16207.1673611,0.0
66.79486999999999,13.44235,16207.181944400001,0.0
66.79486999999999,13.44234,16207.196527799999,0.0
66.79491,13.44246,16207.213194400001,0.0
66.79486,13.44237,16207.227777799999,0.0
66.79488,13.44234,16207.2423611,0.0
66.79488,13.44234,16207.2569444,0.0
66.79488,13.44232,16207.2631944,0.1
66.79486999999999,13.4423,16207.2715278,0.1
66.79486999999999,13.4423,16207.2777778,0.0
66.79486999999999,13.4423,16207.2861111,0.0
66.79485,13.442329999999998,16207.2923611,0.1
66.79485,13.44236,16207.3027778,0.0
66.79485,13.44234,16207.306944400001,0.0
66.79486999999999,13.442329999999998,16207.3173611,0.0
66.79485,13.442329999999998,16207.321527799999,0.0
66.79486999999999,13.442329999999998,16207.3319444,0.2
66.79485,13.44234,16207.338194400001,0.1
66.79485,13.44232,16207.3486111,0.0
66.79485,13.4423,16207.352777799999,0.0
66.79485,13.44232,16207.3631944,0.0
66.79484000000001,13.442329999999998,16207.3673611,0.2
66.79484000000001,13.44234,16207.3819444,0.1
66.79484000000001,13.44234,16207.3819444,0.1
66.79483,13.442329999999998,16207.3965278,0.1
66.79483,13.442329999999998,16207.3965278,0.1
66.79484000000001,13.44235,16207.4111111,0.1
66.79484000000001,13.44235,16207.4111111,0.1
66.79486999999999,13.44235,16207.4298611,0.0
66.79486999999999,13.44235,16207.4298611,0.0
66.79488,13.44235,16207.4444444,0.0
66.79488,13.44235,16207.4444444,0.0
66.79488,13.44235,16207.4590278,0.0
66.79488,13.44235,16207.4590278,0.0
66.79486999999999,13.442329999999998,16207.4736111,0.0
66.79485,13.442329999999998,16207.4881944,0.0
66.79485,13.44234,16207.5027778,0.0
66.79485,13.44232,16207.5215278,0.0
66.79484000000001,13.44227,16207.5381944,0.0
66.79483,13.4423,16207.556944400001,0.1
66.79485,13.44231,16207.5777778,0.0
66.79485,13.44234,16207.5944444,0.0
66.79486,13.44235,16207.6090278,0.1
66.79485,13.44232,16207.6236111,0.1
66.79485,13.44234,16207.6381944,0.1
66.79485,13.442329999999998,16207.6527778,0.1
66.79482,13.44232,16207.6673611,0.2
66.79484000000001,13.442229999999999,16207.6861111,0.0
66.79483,13.442229999999999,16207.704861100001,0.0
66.79485,13.442210000000001,16207.7194444,0.0
66.79485,13.44219,16207.736111100001,0.1
66.79486,13.44224,16207.7506944,0.0
66.79486,13.44224,16207.7652778,0.0
66.79485,13.44227,16207.7798611,0.0
66.79486999999999,13.442279999999998,16207.7944444,0.0
66.79486999999999,13.442279999999998,16207.8090278,0.0
66.79485,13.4423,16207.8236111,0.0
66.79485,13.44227,16207.838194400001,0.0
66.79483,13.442260000000001,16207.852777799999,0.0
66.79483,13.442279999999998,16207.8715278,0.0
66.79483,13.442279999999998,16207.8861111,0.1
66.79483,13.44227,16207.900694400001,0.0
66.79485,13.442279999999998,16207.9173611,0.0
66.79486,13.4423,16207.9340278,0.0
66.79486,13.44229,16207.9486111,0.0
66.79486999999999,13.442329999999998,16207.9715278,0.0
66.79485,13.44235,16207.986111100001,0.0
66.79483,13.44231,16208.0006944,0.0
66.79483,13.44232,16208.0152778,0.0
66.79483,13.44234,16208.0444444,0.0
66.79481,13.44229,16208.0611111,0.0
66.79483,13.44224,16208.0861111,0.0
66.79484000000001,13.44225,16208.111111100001,0.0
66.79483,13.44225,16208.1277778,0.0
66.79485,13.442229999999999,16208.1465278,0.0
66.79484000000001,13.442260000000001,16208.165277799999,0.0
66.79486999999999,13.44232,16208.1840278,0.0
66.79486999999999,13.44236,16208.1986111,0.0
66.79486,13.44234,16208.213194400001,0.0
66.79485,13.44236,16208.227777799999,0.0
66.79485,13.44235,16208.2423611,0.0
66.79485,13.442329999999998,16208.259027799999,0.0
66.79486999999999,13.44232,16208.275694400001,0.0
66.79486,13.44234,16208.290277799999,0.0
66.79484000000001,13.44235,16208.3048611,0.0
66.79485,13.44235,16208.3194444,0.0
66.79486,13.44236,16208.3361111,0.0
66.79485,13.44232,16208.3506944,0.0
66.79484000000001,13.44235,16208.3673611,0.0
66.79482,13.4423,16208.3819444,0.0
66.79483,13.442329999999998,16208.3965278,0.0
66.79482,13.442329999999998,16208.4111111,0.0
66.79486999999999,13.44236,16208.4256944,0.0
66.79486999999999,13.442329999999998,16208.4402778,0.0
66.79488,13.44232,16208.4611111,0.0
66.79486,13.44235,16208.4756944,0.0
66.79485,13.442329999999998,16208.4923611,0.0
66.79484000000001,13.44234,16208.5069444,0.0
66.79484000000001,13.44232,16208.525694400001,0.0
66.79482,13.44232,16208.548611100001,0.0
66.79486,13.442329999999998,16208.571527799999,0.0
66.79486,13.442329999999998,16208.588194400001,0.0
66.79485,13.442329999999998,16208.6048611,0.0
66.79486,13.442329999999998,16208.619444400001,0.0
66.79486,13.44236,16208.6361111,0.0
66.79483,13.44235,16208.6548611,0.0
66.79484000000001,13.4423,16208.6694444,0.0
66.79485,13.44227,16208.6861111,0.0
66.79484000000001,13.44222,16208.7027778,0.0
66.79486,13.4422,16208.7173611,0.0
66.79485,13.44219,16208.7319444,0.0
66.79488,13.442279999999998,16208.7465278,0.0
66.79488,13.44222,16208.7611111,0.0
66.79488,13.442260000000001,16208.775694400001,0.0
66.79484000000001,13.442279999999998,16208.790277799999,0.0
66.79485,13.4423,16208.8048611,0.0
66.79485,13.44234,16208.8194444,0.0
66.79484000000001,13.44227,16208.8340278,0.0
66.79482,13.44222,16208.8486111,0.0
66.79483,13.442279999999998,16208.8631944,0.0
66.79484000000001,13.44231,16208.8777778,0.0
66.79484000000001,13.442329999999998,16208.892361100001,0.0
66.79482,13.4423,16208.9090278,0.0
66.79486999999999,13.442329999999998,16208.9277778,0.0
66.79485,13.44234,16208.9423611,0.0
66.79485,13.442329999999998,16208.9569444,0.0
66.79484000000001,13.44237,16208.9715278,0.0
66.79483,13.44236,16208.986111100001,0.0
66.79483,13.44234,16209.0027778,0.0
66.79483,13.44234,16209.0194444,0.0
66.79483,13.44232,16209.0381944,0.0
66.79482,13.442329999999998,16209.0527778,0.0
66.79483,13.442260000000001,16209.0694444,0.0
66.79483,13.44225,16209.0902778,0.0
66.79482,13.442279999999998,16209.111111100001,0.0
66.79485,13.44229,16209.1277778,0.0
66.79485,13.4423,16209.1444444,0.0
66.79485,13.44227,16209.1611111,0.0
66.79486999999999,13.44236,16209.1777778,0.0
66.79486999999999,13.44239,16209.1923611,0.0
66.79486,13.442379999999998,16209.2111111,0.0
66.79485,13.442379999999998,16209.2256944,0.0
66.79485,13.442379999999998,16209.2402778,0.0
66.79486999999999,13.44234,16209.2548611,0.0
66.79484000000001,13.44232,16209.2694444,0.0
66.79483,13.44234,16209.2840278,0.0
66.79484000000001,13.44236,16209.298611100001,0.0
66.79485,13.44234,16209.3131944,0.0
66.79483,13.44232,16209.3277778,0.0
66.79484000000001,13.44232,16209.3423611,0.0
66.79485,13.44231,16209.3569444,0.0
66.79483,13.442329999999998,16209.3715278,0.0
66.79484000000001,13.44234,16209.3861111,0.0
66.79483,13.44235,16209.400694400001,0.0
66.79483,13.44232,16209.415277799999,0.0
66.79488,13.44235,16209.4298611,0.0
66.79486,13.44236,16209.4444444,0.0
66.79486,13.44234,16209.4590278,0.0
66.79485,13.44237,16209.475,0.0
66.79485,13.44234,16209.4902778,0.0
66.79483,13.44234,16209.5048611,0.0
66.79482,13.442329999999998,16209.5194444,0.0
66.79483,13.442260000000001,16209.5340278,0.0
66.79481,13.442329999999998,16209.5506944,0.0
66.79486999999999,13.44231,16209.5652778,0.0
66.79489000000001,13.4423,16209.5819444,0.0
66.79485,13.44234,16209.5965278,0.0
66.79485,13.44234,16209.611111100001,0.0
66.79486,13.44235,16209.6319444,0.0
66.79483,13.44237,16209.6527778,0.0
66.79482,13.442279999999998,16209.673611100001,0.0
66.79483,13.44225,16209.6902778,0.0
66.79483,13.442210000000001,16209.7069444,0.0
66.79486,13.44224,16209.7215278,0.0
66.79488,13.44227,16209.7402778,0.0
66.79485,13.4422,16209.7548611,0.0
66.79486,13.44225,16209.7694444,0.0
66.79486999999999,13.44232,16209.7861111,0.0
66.79488,13.44236,16209.8027778,0.0
66.79485,13.442279999999998,16209.8173611,0.0
66.79484000000001,13.442260000000001,16209.8319444,0.0
66.79483,13.44224,16209.8465278,0.0
66.79483,13.442279999999998,16209.8631944,0.0
66.79483,13.44229,16209.8777778,0.0
66.7948,13.4423,16209.892361100001,0.0
66.7948,13.44229,16209.9069444,0.0
66.79484000000001,13.442329999999998,16209.9215278,0.0
66.79484000000001,13.44232,16209.9381944,0.0
66.79486,13.44236,16209.9527778,0.0
66.79485,13.44237,16209.9673611,0.0
66.79485,13.4424,16209.9819444,0.0
66.79485,13.442379999999998,16209.9965278,0.0
66.79482,13.44236,16210.0152778,0.0
66.79483,13.44236,16210.0319444,0.0
66.79483,13.442329999999998,16210.0527778,0.0
66.79483,13.4423,16210.0694444,0.0
66.79483,13.442260000000001,16210.0861111,0.0
66.79483,13.44227,16210.1069444,0.0
66.79484000000001,13.442229999999999,16210.1277778,0.0
66.79484000000001,13.442279999999998,16210.1486111,0.0
66.79485,13.44224,16210.165277799999,0.0
66.79486999999999,13.44232,16210.181944400001,0.0
66.79485,13.442379999999998,16210.2027778,0.0
66.79485,13.44231,16210.2173611,0.0
66.79486,13.44231,16210.2319444,0.0
66.79485,13.44234,16210.2465278,0.0
66.79485,13.44231,16210.2631944,0.0
66.79483,13.44229,16210.2777778,0.0
66.79485,13.44232,16210.2923611,0.0
66.79485,13.44231,16210.306944400001,0.0
66.79486999999999,13.442329999999998,16210.3277778,0.0
66.79486,13.44227,16210.3444444,0.0
66.79484000000001,13.442329999999998,16210.3590278,0.0
66.79485,13.44231,16210.3736111,0.0
66.79483,13.4423,16210.3881944,0.0
66.79485,13.442329999999998,16210.4027778,0.0
66.79486999999999,13.44231,16210.4173611,0.0
66.79488,13.4423,16210.431944400001,0.0
66.79486999999999,13.44235,16210.446527799999,0.0
66.79485,13.442329999999998,16210.4611111,0.0
66.79484000000001,13.44231,16210.4798611,0.0
66.79483,13.442279999999998,16210.494444400001,0.0
66.79484000000001,13.44231,16210.5111111,0.0
66.79485,13.44232,16210.525694400001,0.0
66.79483,13.44229,16210.5423611,0.0
66.79486,13.4423,16210.556944400001,0.0
66.79486999999999,13.44235,16210.571527799999,0.0
66.79485,13.44234,16210.588194400001,0.0
66.79486,13.442329999999998,16210.6048611,0.0
66.79485,13.44232,16210.619444400001,0.0
66.79485,13.44232,16210.6361111,0.1
66.79482,13.44237,16210.65,0.0
66.79484000000001,13.44229,16210.665277799999,0.1
66.79483,13.44227,16210.68125,0.1
66.79485,13.44224,16210.696527799999,0.0
66.79486999999999,13.44222,16210.7104167,0.0
66.79486,13.44224,16210.7256944,0.0
66.79486999999999,13.442279999999998,16210.7402778,0.0
66.79488,13.44225,16210.7548611,0.0
66.79485,13.44225,16210.76875,0.0
66.79485,13.44231,16210.7833333,0.0
66.79485,13.442279999999998,16210.798611100001,0.0
66.79486,13.4423,16210.8125,0.0
66.79485,13.442260000000001,16210.8270833,0.0
66.79485,13.442260000000001,16210.8416667,0.0
66.79483,13.44227,16210.85625,0.0
66.79483,13.44224,16210.870833300001,0.0
66.79483,13.4423,16210.885416699999,0.0
66.79485,13.4423,16210.9,0.0
66.79483,13.44229,16210.9145833,0.0
66.79488,13.44227,16210.9291667,0.0
66.79484000000001,13.4423,16210.94375,0.0
66.79485,13.44232,16210.958333300001,0.0
66.79484000000001,13.44236,16210.972916699999,0.0
66.79484000000001,13.442379999999998,16210.9875,0.0
66.79482,13.44234,16211.004166699999,0.0
66.79482,13.44236,16211.01875,0.0
66.79483,13.44235,16211.0333333,0.0
66.79482,13.44235,16211.0479167,0.0
66.79483,13.44231,16211.0625,0.0
66.79483,13.442260000000001,16211.0770833,0.0
66.79483,13.44232,16211.0916667,0.0
66.79482,13.4423,16211.1083333,0.0
66.79483,13.442279999999998,16211.1229167,0.0
66.79483,13.4423,16211.1375,0.0
66.79486,13.44227,16211.152083300001,0.0
66.79484000000001,13.44229,16211.166666699999,0.0
66.79486999999999,13.44232,16211.18125,0.0
66.79488,13.4424,16211.1958333,0.0
66.79485,13.44234,16211.2104167,0.0
66.79486999999999,13.44229,16211.2270833,0.0
66.79483,13.442329999999998,16211.2416667,0.0
66.79485,13.44227,16211.2583333,0.0
66.79485,13.44232,16211.275,0.0
66.79485,13.442379999999998,16211.2895833,0.0
66.79485,13.442329999999998,16211.3041667,0.0
66.79486,13.442329999999998,16211.31875,0.0
66.79484000000001,13.442279999999998,16211.333333300001,0.0
66.79485,13.44235,16211.35,0.0
66.79483,13.442329999999998,16211.364583300001,0.0
66.79483,13.44231,16211.379166699999,0.0
66.79483,13.44232,16211.39375,0.0
66.79485,13.44229,16211.4083333,0.0
66.79488,13.44229,16211.4229167,0.0
66.79486999999999,13.44231,16211.4375,0.0
66.79488,13.44231,16211.4520833,0.0
66.79485,13.442379999999998,16211.4666667,0.0
66.79485,13.44235,16211.48125,0.0
66.79484000000001,13.442329999999998,16211.495833300001,0.0
66.79483,13.44231,16211.5125,0.0
66.79484000000001,13.44227,16211.527083300001,0.0
66.79483,13.44229,16211.541666699999,0.0
66.79484000000001,13.442279999999998,16211.55625,0.0
66.79486999999999,13.44235,16211.5708333,0.0
66.79484000000001,13.4423,16211.5854167,0.0
66.79484000000001,13.44232,16211.6,0.0
66.79486,13.44236,16211.614583300001,0.0
66.79485,13.44234,16211.629166699999,0.0
66.79483,13.44236,16211.64375,0.0
66.79483,13.44227,16211.66875,0.0
66.79483,13.44224,16211.6895833,0.0
66.79485,13.442210000000001,16211.74375,0.0
66.79485,13.442229999999999,16211.7583333,0.0
66.79484000000001,13.44231,16211.78125,0.0
66.79485,13.44229,16211.7958333,0.0
66.79486,13.44232,16211.8104167,0.0
66.79485,13.4423,16211.825,0.0
66.79484000000001,13.44225,16211.839583300001,0.0
66.79483,13.4423,16211.854166699999,0.0
66.79485,13.442279999999998,16211.86875,0.0
66.79483,13.44231,16211.8833333,0.0
66.79485,13.44232,16211.9,0.0
66.79486999999999,13.44234,16211.916666699999,0.0
66.79488,13.442329999999998,16211.93125,0.0
66.79485,13.44234,16211.9458333,0.0
66.79485,13.442329999999998,16211.9604167,0.0
66.79484000000001,13.44237,16211.975,0.0
66.79484000000001,13.442329999999998,16211.989583300001,0.0
66.79483,13.44234,16212.004166699999,0.0
66.79482,13.442329999999998,16212.01875,0.0
66.79482,13.44232,16212.0333333,0.0
66.79482,13.442329999999998,16212.0479167,0.0
66.79483,13.442279999999998,16212.0625,0.0
66.79485,13.4423,16212.0770833,0.0
66.79482,13.44229,16212.0916667,0.0
66.79483,13.44227,16212.1083333,0.0
66.79485,13.44231,16212.1229167,0.0
66.79485,13.442279999999998,16212.1375,0.0
66.79483,13.44225,16212.152083300001,0.0
66.79486,13.44229,16212.166666699999,0.0
66.79485,13.44231,16212.183333300001,0.0
66.79486,13.44236,16212.197916699999,0.0
66.79486999999999,13.442329999999998,16212.2125,0.0
66.79485,13.44234,16212.2270833,0.0
66.79486,13.44234,16212.2416667,0.0
66.79486,13.44229,16212.2583333,0.0
66.79485,13.44232,16212.2729167,0.1
66.79485,13.44235,16212.2875,0.0
66.79488,13.44235,16212.302083300001,0.0
66.79485,13.44234,16212.316666699999,0.1
66.79485,13.4423,16212.33125,0.0
66.79484000000001,13.4423,16212.3458333,0.0
66.79483,13.442329999999998,16212.3604167,0.0
66.79482,13.44232,16212.375,0.0
66.79483,13.442329999999998,16212.3895833,0.0
66.79485,13.44229,16212.4041667,0.0
66.7949,13.44232,16212.41875,0.1
66.79485,13.44236,16212.433333300001,0.0
66.79488,13.44236,16212.4520833,0.0
66.79486999999999,13.442379999999998,16212.4666667,0.0
66.79485,13.44232,16212.4833333,0.0
66.79485,13.44235,16212.4979167,0.0
66.79482,13.44234,16212.5125,0.0
66.79484000000001,13.442260000000001,16212.527083300001,0.0
66.79483,13.442279999999998,16212.541666699999,0.0
66.79486,13.4423,16212.55625,0.0
66.79486999999999,13.4423,16212.5708333,0.0
66.79485,13.44234,16212.5854167,0.0
66.79486,13.442329999999998,16212.6,0.0
66.79485,13.44235,16212.614583300001,0.0
66.79485,13.44234,16212.63125,0.0
66.79483,13.442379999999998,16212.645833300001,0.0
66.79485,13.44231,16212.660416699999,0.0
66.79484000000001,13.44227,16212.677083300001,0.0
66.79486,13.4423,16212.7666667,0.0
66.79486999999999,13.4423,16212.78125,0.0
66.79486,13.44227,16212.7958333,0.0
66.79485,13.44231,16212.8104167,0.0
66.79485,13.44227,16212.825,0.0
66.79482,13.4423,16212.8416667,0.0
66.79482,13.44229,16212.8583333,0.0
66.79482,13.44231,16212.875,0.0
66.79482,13.442279999999998,16212.8916667,0.0
66.79483,13.442329999999998,16212.9083333,0.0
66.79486,13.44232,16212.9229167,0.0
66.79485,13.44231,16212.9395833,0.0
66.79486,13.44234,16212.9541667,0.0
66.79485,13.44234,16212.96875,0.0
66.79484000000001,13.44232,16212.9833333,0.0
66.79484000000001,13.44231,16213.0,0.0
66.79485,13.44227,16213.0145833,0.0
66.79483,13.44229,16213.0291667,0.0
66.79482,13.44229,16213.0458333,0.0
66.79483,13.44227,16213.0604167,0.0
66.79485,13.442260000000001,16213.075,0.0
66.79483,13.442279999999998,16213.089583300001,0.0
66.79483,13.442260000000001,16213.104166699999,0.0
66.79485,13.442279999999998,16213.11875,0.0
66.79485,13.442279999999998,16213.1333333,0.0
66.79485,13.44229,16213.1479167,0.0
66.79486,13.44231,16213.1625,0.0
66.79488,13.442329999999998,16213.177083300001,0.0
66.79486999999999,13.442420000000002,16213.191666699999,0.0
66.79485,13.44241,16213.208333300001,0.0
66.79485,13.44236,16213.225,0.0
66.79485,13.44235,16213.24375,0.0
66.79483,13.44234,16213.2583333,0.0
66.79483,13.442379999999998,16213.2895833,0.0
66.79485,13.44234,16213.30625,0.0
66.79485,13.442329999999998,16213.322916699999,0.0
66.79485,13.44234,16213.339583300001,0.0
66.79483,13.44234,16213.35625,0.0
66.79483,13.44235,16213.3729167,0.0
66.79484000000001,13.44235,16213.3875,0.0
66.79485,13.44231,16213.402083300001,0.0
66.79488,13.442329999999998,16213.41875,0.0
66.79485,13.44236,16213.433333300001,0.0
66.79485,13.4423,16213.447916699999,0.0
66.79483,13.44234,16213.464583300001,0.0
66.79485,13.44235,16213.479166699999,0.0
66.79484000000001,13.442329999999998,16213.49375,0.0
66.79482,13.442329999999998,16213.5083333,0.0
66.79484000000001,13.44229,16213.5229167,0.0
66.7948,13.4424,16213.5375,0.0
66.79486999999999,13.442329999999998,16213.5541667,0.0
66.79486999999999,13.44234,16213.56875,0.0
66.79484000000001,13.44235,16213.583333300001,0.0
66.79484000000001,13.442329999999998,16213.597916699999,0.0
66.79485,13.44231,16213.6125,0.0
66.79485,13.442329999999998,16213.6270833,0.0
66.79482,13.44236,16213.6416667,0.0
66.79483,13.442279999999998,16213.65625,0.0
66.79483,13.44227,16213.6708333,0.0
66.79484000000001,13.442229999999999,16213.6854167,0.0
66.79485,13.442260000000001,16213.7,0.0
66.79486,13.44224,16213.714583300001,0.0
66.79485,13.442229999999999,16213.73125,0.0
66.79486999999999,13.44224,16213.7479167,0.0
66.79485,13.442279999999998,16213.7625,0.0
66.79486999999999,13.442279999999998,16213.777083300001,0.0
66.79486,13.442260000000001,16213.791666699999,0.0
66.79482,13.44229,16213.808333300001,0.0
66.79483,13.442279999999998,16213.825,0.0
66.79482,13.44227,16213.839583300001,0.0
66.79482,13.44229,16213.854166699999,0.0
66.79483,13.44232,16213.86875,0.0
66.79483,13.442329999999998,16213.8833333,0.0
66.79484000000001,13.442329999999998,16213.8979167,0.0
66.79488,13.44236,16213.9125,0.0
66.79484000000001,13.44232,16213.927083300001,0.0
66.79485,13.44229,16213.941666699999,0.0
66.79485,13.44232,16213.95625,0.0
66.79485,13.44237,16213.9708333,0.0
66.79483,13.442329999999998,16213.9854167,0.0
66.79483,13.442329999999998,16214.0,0.0
66.79483,13.44234,16214.0145833,0.0
66.79485,13.44232,16214.0291667,0.0
66.79483,13.442329999999998,16214.04375,0.0
66.79483,13.442260000000001,16214.058333300001,0.0
66.79484000000001,13.44224,16214.072916699999,0.3
66.79485,13.44227,16214.0875,0.0
66.79485,13.44229,16214.1020833,0.0
66.79484000000001,13.442260000000001,16214.1166667,0.0
66.79485,13.442260000000001,16214.13125,0.0
66.79484000000001,13.44225,16214.145833300001,0.0
66.79485,13.44231,16214.160416699999,0.0
66.79486999999999,13.4423,16214.175,0.0
66.79486,13.44235,16214.1895833,0.0
66.79485,13.44236,16214.2041667,0.0
66.79486,13.44234,16214.21875,0.0
66.79486,13.44235,16214.2333333,0.0
66.79488,13.44231,16214.2479167,0.0
66.79486999999999,13.44232,16214.2625,0.0
66.79485,13.442329999999998,16214.2791667,0.0
66.79485,13.44235,16214.29375,0.0
66.79486999999999,13.44236,16214.308333300001,0.0
66.79485,13.44229,16214.322916699999,0.0
66.79485,13.44231,16214.3375,0.0
66.79483,13.44232,16214.3520833,0.0
66.79483,13.442329999999998,16214.3666667,0.0
66.79483,13.442329999999998,16214.38125,0.0
66.79485,13.44232,16214.395833300001,0.0
66.79486999999999,13.4423,16214.410416699999,0.0
66.79483,13.44227,16214.427083300001,0.0
66.79484000000001,13.44232,16214.4458333,0.0
66.79484000000001,13.442329999999998,16214.4604167,0.0
66.79484000000001,13.442279999999998,16214.475,0.0
66.79484000000001,13.44229,16214.489583300001,0.0
66.79482,13.44229,16214.504166699999,0.0
66.79483,13.442279999999998,16214.51875,0.0
66.79483,13.442329999999998,16214.535416699999,0.0
66.79485,13.44234,16214.552083300001,0.0
66.79486999999999,13.44235,16214.566666699999,0.1
66.79485,13.44232,16214.5875,0.2
66.79484000000001,13.442329999999998,16214.6020833,0.1
66.79485,13.44234,16214.620833300001,0.0
66.79484000000001,13.44237,16214.635416699999,0.0
66.79486999999999,13.44234,16214.652083300001,0.0
66.79485,13.442279999999998,16214.666666699999,0.0
66.79485,13.44224,16214.68125,0.1
66.79485,13.44225,16214.697916699999,0.0
66.79486999999999,13.44224,16214.7125,0.1
66.79488,13.44227,16214.729166699999,0.0
66.79486999999999,13.442229999999999,16214.74375,0.0
66.79485,13.4423,16214.7625,0.1
66.79482,13.44229,16214.7791667,0.2
66.79485,13.4423,16214.79375,0.2
66.79485,13.4423,16214.808333300001,0.0
66.79483,13.44225,16214.833333300001,0.0
66.79482,13.44225,16214.847916699999,0.0
66.79482,13.44227,16214.8625,0.1
66.79482,13.4423,16214.8770833,0.1
66.79482,13.442279999999998,16214.8916667,0.0
66.79485,13.44231,16214.90625,0.0
66.79483,13.44232,16214.9208333,0.0
66.79484000000001,13.44232,16214.9354167,0.0
66.79485,13.44235,16214.95,0.0
66.79484000000001,13.44236,16214.964583300001,0.0
66.79483,13.44234,16214.979166699999,0.0
66.79483,13.44232,16214.99375,0.0
66.79483,13.44234,16215.0083333,0.0
66.79483,13.442329999999998,16215.0229167,0.0
66.79483,13.4423,16215.0375,0.0
66.79483,13.44231,16215.052083300001,0.0
66.79483,13.442260000000001,16215.066666699999,0.0
66.79483,13.442260000000001,16215.08125,0.0
66.79483,13.44222,16215.1,0.0
66.79485,13.44227,16215.114583300001,0.0
66.79485,13.44224,16215.129166699999,0.0
66.79485,13.44224,16215.14375,0.0
66.79485,13.442279999999998,16215.1583333,0.0
66.79486999999999,13.4423,16215.1729167,0.0
66.79486999999999,13.44235,16215.1875,0.0
66.79485,13.44234,16215.2020833,0.0
66.79485,13.442329999999998,16215.21875,0.0
66.79485,13.44237,16215.2333333,0.0
66.79485,13.44232,16215.2479167,0.0
66.79484000000001,13.4423,16215.2625,0.0
66.79485,13.44236,16215.277083300001,0.0
66.79488,13.44234,16215.291666699999,0.0
66.79488,13.44236,16215.30625,0.0
66.79485,13.44232,16215.3208333,0.0
66.79485,13.44229,16215.3375,0.0
66.79484000000001,13.44229,16215.35625,0.0
66.79483,13.442279999999998,16215.370833300001,0.0
66.79484000000001,13.44232,16215.3875,0.0
66.79488,13.44227,16215.410416699999,0.0
66.79484000000001,13.44234,16215.425,0.0
66.79484000000001,13.44229,16215.44375,0.0
66.79483,13.44231,16215.458333300001,0.0
66.79483,13.44231,16215.472916699999,0.0
66.79485,13.44231,16215.489583300001,0.0
66.79483,13.44232,16215.504166699999,0.0
66.79483,13.44227,16215.51875,0.0
66.79484000000001,13.44231,16215.5333333,0.0
66.79486,13.44234,16215.5479167,0.0
66.79486999999999,13.44231,16215.5645833,0.0
66.79485,13.44234,16215.5791667,0.0
66.79484000000001,13.44237,16215.59375,0.0
66.79485,13.442329999999998,16215.6083333,0.0
66.79484000000001,13.44235,16215.625,0.0
66.79484000000001,13.442329999999998,16215.6395833,0.0
66.79486,13.442279999999998,16215.6541667,0.0
66.79485,13.442260000000001,16215.6729167,0.0
66.79483,13.442229999999999,16215.6875,0.0
66.79485,13.442229999999999,16215.7020833,0.0
66.79485,13.44222,16215.7166667,0.0
66.79485,13.44224,16215.73125,0.0
66.79486,13.44224,16215.745833300001,0.0
66.79483,13.442279999999998,16215.760416699999,0.0
66.79485,13.4423,16215.775,0.0
66.79485,13.4423,16215.7895833,0.0
66.79488,13.44232,16215.8041667,0.0
66.79484000000001,13.442260000000001,16215.8208333,0.0
66.79482,13.44227,16215.8375,0.0
66.79483,13.44229,16215.8520833,0.0
66.79484000000001,13.44232,16215.8666667,0.0
66.79483,13.44229,16215.8833333,0.0
66.79485,13.442329999999998,16215.9,0.0
66.79486999999999,13.44234,16215.916666699999,0.0
66.79485,13.44235,16215.93125,0.0
66.79485,13.44234,16215.9458333,0.0
66.79483,13.44234,16215.9604167,0.0
66.79485,13.44237,16215.975,0.0
66.79484000000001,13.44235,16215.989583300001,0.0
66.79483,13.44234,16216.004166699999,0.0
66.79483,13.4423,16216.01875,0.0
66.79484000000001,13.442279999999998,16216.0333333,0.0
66.79483,13.442279999999998,16216.0479167,0.0
66.79483,13.44224,16216.0625,0.0
66.79483,13.442279999999998,16216.0770833,0.0
66.79483,13.44224,16216.0916667,0.0
66.79483,13.44227,16216.1083333,0.0
66.79485,13.44225,16216.1229167,0.0
66.79485,13.44227,16216.1375,0.0
66.79486999999999,13.4423,16216.1541667,0.0
66.79485,13.44229,16216.16875,0.0
66.79486,13.44235,16216.183333300001,0.0
66.79485,13.44232,16216.197916699999,0.0
66.79485,13.44232,16216.2125,0.0
66.79485,13.442329999999998,16216.2270833,0.0
66.79485,13.44231,16216.24375,0.0
66.79483,13.442329999999998,16216.2583333,0.0
66.79485,13.44232,16216.2729167,0.0
66.79486,13.44234,16216.2875,0.0
66.79486,13.442329999999998,16216.3041667,0.0
66.79484000000001,13.44231,16216.31875,0.0
66.79485,13.44234,16216.333333300001,0.0
66.79483,13.442329999999998,16216.347916699999,0.0
66.79483,13.442329999999998,16216.3625,0.0
66.79483,13.44234,16216.3770833,0.0
66.79485,13.44232,16216.3916667,0.0
66.79486,13.44232,16216.40625,0.0
66.79485,13.442329999999998,16216.4208333,0.0
66.79486,13.442329999999998,16216.4354167,0.0
66.79485,13.44236,16216.45,0.0
66.79484000000001,13.44232,16216.464583300001,0.0
66.79484000000001,13.44232,16216.479166699999,0.0
66.79484000000001,13.44232,16216.49375,0.0
66.79483,13.4423,16216.5083333,0.0
66.79482,13.44227,16216.5229167,0.0
66.79484000000001,13.44232,16216.5375,0.0
66.79485,13.44234,16216.552083300001,0.0
66.79484000000001,13.44232,16216.566666699999,0.0
66.79484000000001,13.44234,16216.58125,0.0
66.79484000000001,13.44234,16216.5958333,0.0
66.79485,13.44232,16216.6104167,0.0
66.79485,13.44236,16216.625,0.0
66.79482,13.44231,16216.6395833,0.0
66.79484000000001,13.442260000000001,16216.6541667,0.0
66.79484000000001,13.44229,16216.66875,0.0
66.79485,13.442210000000001,16216.683333300001,0.0
66.79483,13.442210000000001,16216.697916699999,0.0
66.79485,13.442229999999999,16216.7166667,0.0
66.79485,13.442279999999998,16216.73125,0.0
66.79485,13.442260000000001,16216.745833300001,0.0
66.79485,13.44229,16216.760416699999,0.0
66.79483,13.442279999999998,16216.775,0.0
66.79485,13.44231,16216.7895833,0.0
66.79485,13.44225,16216.80625,0.0
66.79484000000001,13.442260000000001,16216.8208333,0.0
66.79482,13.44225,16216.8354167,0.0
66.79483,13.44225,16216.85,0.0
66.79483,13.4423,16216.864583300001,0.0
66.79483,13.4423,16216.879166699999,0.0
66.79484000000001,13.442279999999998,16216.89375,0.0
66.79486,13.4423,16216.9083333,0.0
66.79485,13.44229,16216.9229167,0.0
66.79488,13.442329999999998,16216.9375,0.0
66.79485,13.442329999999998,16216.9520833,0.0
66.79485,13.442329999999998,16216.9666667,0.0
66.79482,13.442329999999998,16216.98125,0.0
66.79483,13.44235,16216.995833300001,0.0
66.79482,13.44231,16217.010416699999,0.0
66.79483,13.4423,16217.025,0.0
66.79483,13.44232,16217.0395833,0.0
66.79484000000001,13.44227,16217.0541667,0.0
66.79482,13.44231,16217.06875,0.0
66.79483,13.4423,16217.083333300001,0.0
66.79483,13.442279999999998,16217.097916699999,0.0
66.79484000000001,13.44232,16217.114583300001,0.0
66.79483,13.44229,16217.129166699999,0.0
66.79484000000001,13.4423,16217.14375,0.0
66.79486999999999,13.442329999999998,16217.160416699999,0.0
66.79486,13.44234,16217.175,0.0
66.79485,13.44239,16217.1895833,0.0
66.79484000000001,13.442379999999998,16217.2041667,0.0
66.79485,13.44236,16217.21875,0.0
66.79485,13.44236,16217.2333333,0.0
66.79485,13.4423,16217.2479167,0.0
66.79483,13.44236,16217.2625,0.0
66.79485,13.44236,16217.277083300001,0.0
66.79484000000001,13.44236,16217.291666699999,0.0
66.79486,13.44232,16217.30625,0.0
66.79485,13.44231,16217.3208333,0.0
66.79484000000001,13.4423,16217.3354167,0.0
66.79485,13.442329999999998,16217.35,0.0
66.79483,13.44232,16217.364583300001,0.0
66.79483,13.44232,16217.379166699999,0.0
66.79485,13.44231,16217.395833300001,0.0
66.79485,13.44232,16217.41875,0.0
66.79485,13.44232,16217.4354167,0.0
66.79484000000001,13.44236,16217.4520833,0.0
66.79483,13.4423,16217.46875,0.0
66.79484000000001,13.44232,16217.4854167,0.0
66.79483,13.442329999999998,16217.5,0.0
66.79483,13.442329999999998,16217.5145833,0.0
66.79485,13.44232,16217.5291667,0.0
66.79486,13.44235,16217.54375,0.0
66.79486999999999,13.44234,16217.558333300001,0.0
66.79485,13.44235,16217.572916699999,0.0
66.79485,13.44237,16217.5875,0.0
66.79486999999999,13.442329999999998,16217.6020833,0.0
66.79485,13.4423,16217.6166667,0.0
66.79482,13.44241,16217.63125,0.0
66.79485,13.442279999999998,16217.65,0.0
66.79485,13.44229,16217.6645833,0.0
66.79483,13.44225,16217.6791667,0.1
66.79485,13.44224,16217.69375,0.0
66.79485,13.442260000000001,16217.7104167,0.0
66.79486,13.442229999999999,16217.7270833,0.0
66.79485,13.442210000000001,16217.74375,0.0
66.79486999999999,13.442279999999998,16217.760416699999,0.0
66.79485,13.442279999999998,16217.78125,0.0
66.79485,13.44231,16217.7958333,0.0
66.79485,13.442279999999998,16217.8104167,0.0
66.79484000000001,13.44224,16217.825,0.0
66.79484000000001,13.44225,16217.839583300001,0.0
66.79483,13.44229,16217.854166699999,0.0
66.79484000000001,13.442329999999998,16217.86875,0.0
66.79485,13.442329999999998,16217.8833333,0.0
66.79485,13.44235,16217.8979167,0.0
66.79485,13.44232,16217.9145833,0.0
66.79485,13.44231,16217.9291667,0.0
66.79485,13.44236,16217.94375,0.0
66.79485,13.442379999999998,16217.958333300001,0.0
66.79484000000001,13.44232,16217.972916699999,0.0
66.79484000000001,13.44231,16217.9875,0.0
66.79483,13.44234,16218.0020833,0.0
66.79484000000001,13.44231,16218.0166667,0.0
66.79482,13.4423,16218.03125,0.0
66.79482,13.44227,16218.0458333,0.0
66.79485,13.442279999999998,16218.0604167,0.0
66.79482,13.442229999999999,16218.075,0.0
66.79482,13.44224,16218.089583300001,0.0
66.79483,13.44225,16218.104166699999,0.0
66.79484000000001,13.44227,16218.11875,0.0
66.79484000000001,13.442279999999998,16218.1333333,0.0
66.79486,13.44231,16218.1479167,0.0
66.79485,13.4423,16218.1625,0.0
66.79486999999999,13.442329999999998,16218.177083300001,0.0
66.79484000000001,13.44227,16218.191666699999,0.0
66.79486,13.44231,16218.20625,0.0
66.79484000000001,13.44231,16218.2208333,0.0
66.79486999999999,13.442329999999998,16218.2354167,0.0
66.79484000000001,13.4423,16218.25,0.0
66.79485,13.44232,16218.2645833,0.0
66.79486999999999,13.44234,16218.2791667,0.0
66.79488,13.442329999999998,16218.29375,0.0
66.79486,13.44232,16218.308333300001,0.0
66.79485,13.4423,16218.322916699999,0.0
66.79485,13.44232,16218.3375,0.0
66.79483,13.44231,16218.3520833,0.0
66.79483,13.44232,16218.3666667,0.0
66.79483,13.44232,16218.3833333,0.0
66.79485,13.44231,16218.3979167,0.0
66.79484000000001,13.442329999999998,16218.4125,0.0
66.79485,13.44234,16218.427083300001,0.0
66.79483,13.44234,16218.4458333,0.0
66.79485,13.44234,16218.4604167,0.0
66.79483,13.44234,16218.475,0.0
66.79484000000001,13.44232,16218.495833300001,0.0
66.79484000000001,13.44229,16218.5125,0.0
66.79485,13.442279999999998,16218.527083300001,0.0
66.79485,13.442329999999998,16218.541666699999,0.0
66.79488,13.44234,16218.55625,0.1
66.79484000000001,13.44232,16218.5708333,0.0
66.79483,13.44232,16218.5854167,0.0
66.79483,13.44234,16218.6,0.0
66.79483,13.442329999999998,16218.614583300001,0.0
66.79483,13.442379999999998,16218.629166699999,0.0
66.79484000000001,13.442279999999998,16218.645833300001,0.0
66.79485,13.442260000000001,16218.6645833,0.0
66.79484000000001,13.442229999999999,16218.6791667,0.0
66.79484000000001,13.442210000000001,16218.69375,0.0
66.79485,13.4422,16218.708333300001,0.0
66.79485,13.442229999999999,16218.722916699999,0.0
66.79484000000001,13.44224,16218.7375,0.0
66.79485,13.4423,16218.7520833,0.0
66.79483,13.442279999999998,16218.76875,0.0
66.79485,13.44232,16218.7833333,0.0
66.79485,13.4423,16218.7979167,0.0
66.79484000000001,13.442260000000001,16218.8125,0.0
66.79483,13.442279999999998,16218.8270833,0.0
66.79483,13.442279999999998,16218.8416667,0.0
66.79482,13.44231,16218.85625,0.0
66.79483,13.442329999999998,16218.870833300001,0.0
66.79485,13.44232,16218.885416699999,0.0
66.79489000000001,13.442279999999998,16218.90625,0.0
66.79484000000001,13.44236,16218.9229167,0.0
66.79486999999999,13.44234,16218.94375,0.0
66.79485,13.44235,16218.958333300001,0.0
66.79485,13.442379999999998,16218.972916699999,0.0
66.79483,13.44236,16218.9875,0.0
66.79485,13.4423,16219.0020833,0.0
66.79485,13.44232,16219.0166667,0.0
66.79483,13.442279999999998,16219.03125,0.0
66.79483,13.442260000000001,16219.0458333,0.0
66.79483,13.44225,16219.0604167,0.0
66.79483,13.44229,16219.075,0.0
66.79483,13.44224,16219.089583300001,0.0
66.79485,13.44231,16219.104166699999,0.0
66.79485,13.442279999999998,16219.120833300001,0.0
66.79485,13.442279999999998,16219.135416699999,0.0
66.79486999999999,13.4423,16219.15,0.0
66.79485,13.44232,16219.1645833,0.0
66.79486999999999,13.44237,16219.1791667,0.0
66.79485,13.44232,16219.19375,0.0
66.79485,13.44231,16219.2104167,0.0
66.79486999999999,13.44231,16219.225,0.0
66.79486999999999,13.442329999999998,16219.239583300001,0.0
66.79484000000001,13.442329999999998,16219.254166699999,0.0
66.79485,13.442379999999998,16219.26875,0.0
66.79486,13.44234,16219.2833333,0.0
66.79486,13.44232,16219.2979167,0.0
66.79485,13.442279999999998,16219.3145833,0.0
66.79486999999999,13.44231,16219.3291667,0.0
66.79485,13.442329999999998,16219.34375,0.0
66.79483,13.44229,16219.3583333,0.0
66.79485,13.44232,16219.3729167,0.0
66.79484000000001,13.442329999999998,16219.3875,0.0
66.79485,13.44234,16219.410416699999,0.0
66.79486,13.442329999999998,16219.425,0.0
66.79485,13.44234,16219.4395833,0.0
66.79485,13.44232,16219.4541667,0.0
66.79485,13.442329999999998,16219.46875,0.0
66.79485,13.44232,16219.4854167,0.0
66.79484000000001,13.44232,16219.5020833,0.0
66.79484000000001,13.442329999999998,16219.520833300001,0.0
66.79485,13.44237,16219.535416699999,0.0
66.79488,13.44236,16219.55,0.0
66.79485,13.44236,16219.5645833,0.0
66.79486999999999,13.44237,16219.58125,0.0
66.79485,13.44235,16219.597916699999,0.0
66.79485,13.44235,16219.6125,0.0
66.79485,13.44237,16219.6270833,0.0
66.79486,13.44227,16219.6416667,0.0
66.79485,13.442279999999998,16219.65625,0.0
66.79486,13.442260000000001,16219.6708333,0.0
66.79486,13.44224,16219.6854167,0.0
66.79486999999999,13.442279999999998,16219.70625,0.0
66.79486,13.442260000000001,16219.7208333,0.0
66.79486999999999,13.4423,16219.7354167,0.0
66.79485,13.44232,16219.75,0.0
66.79485,13.44234,16219.7666667,0.0
66.79486,13.44234,16219.78125,0.0
66.79485,13.44231,16219.7958333,0.0
66.79484000000001,13.44224,16219.8104167,0.0
66.79482,13.44225,16219.8270833,0.0
66.79484000000001,13.44229,16219.8416667,0.0
66.79483,13.44231,16219.85625,0.0
66.79485,13.4423,16219.870833300001,0.0
66.79484000000001,13.44231,16219.885416699999,0.0
66.79485,13.442279999999998,16219.9,0.0
66.79485,13.442279999999998,16219.9145833,0.0
66.79486999999999,13.44234,16219.9291667,0.0
66.79485,13.44232,16219.94375,0.0
66.79483,13.44236,16219.958333300001,0.0
66.79483,13.44234,16219.972916699999,0.0
66.79483,13.44237,16219.9875,0.0
66.79483,13.44234,16220.0020833,0.0
66.79483,13.44237,16220.0166667,0.0
66.79482,13.44234,16220.03125,0.0
66.79484000000001,13.442260000000001,16220.0458333,0.0
66.79482,13.442279999999998,16220.0625,0.0
66.79483,13.442260000000001,16220.0770833,0.0
66.79483,13.44227,16220.0916667,0.0
66.79484000000001,13.442260000000001,16220.10625,0.0
66.79484000000001,13.442279999999998,16220.1229167,0.0
66.79483,13.44227,16220.1375,0.0
66.79486999999999,13.4423,16220.152083300001,0.0
66.79485,13.442329999999998,16220.166666699999,0.0
66.79485,13.44236,16220.18125,0.0
66.79485,13.442379999999998,16220.1958333,0.0
66.79485,13.442329999999998,16220.2104167,0.0
66.79485,13.44236,16220.225,0.0
66.79484000000001,13.442329999999998,16220.2416667,0.0
66.79485,13.442329999999998,16220.25625,0.0
66.79484000000001,13.442379999999998,16220.270833300001,0.0
66.79485,13.442329999999998,16220.285416699999,0.0
66.79486,13.44234,16220.3,0.0
66.79484000000001,13.4423,16220.3145833,0.0
66.79484000000001,13.44232,16220.3291667,0.0
66.79483,13.44231,16220.34375,0.0
66.79484000000001,13.44232,16220.3583333,0.0
66.79483,13.44232,16220.3729167,0.0
66.79484000000001,13.442329999999998,16220.3895833,0.0
66.79485,13.44234,16220.4041667,0.0
66.79485,13.44231,16220.41875,0.2
66.79485,13.44234,16220.433333300001,0.0
66.79484000000001,13.44234,16220.447916699999,0.0
66.79484000000001,13.44234,16220.4625,0.0
66.79483,13.44234,16220.4770833,0.0
66.79483,13.44231,16220.49375,0.0
66.79483,13.4423,16220.5083333,0.0
66.79485,13.442329999999998,16220.5229167,0.0
66.79485,13.44232,16220.5395833,0.0
66.79485,13.442329999999998,16220.55625,0.0
66.79485,13.44235,16220.5708333,0.0
66.79484000000001,13.44234,16220.5854167,0.0
66.79483,13.44235,16220.6,0.0
66.79485,13.442329999999998,16220.614583300001,0.0
66.7948,13.44232,16220.629166699999,0.0
66.79484000000001,13.44232,16220.64375,0.0
66.79483,13.44227,16220.6583333,0.0
66.79485,13.44225,16220.675,0.2
66.79486999999999,13.44227,16220.6895833,0.0
66.79488,13.44227,16220.70625,0.0
66.79485,13.44227,16220.722916699999,0.0
66.79485,13.4422,16220.7375,0.0
66.79488,13.44231,16220.7520833,0.0
66.79482,13.442260000000001,16220.7666667,0.0
66.79485,13.44231,16220.78125,0.0
66.79485,13.442279999999998,16220.7958333,0.0
66.79485,13.44227,16220.8104167,0.0
66.79482,13.44225,16220.825,0.0
66.79483,13.44225,16220.839583300001,0.0
66.79482,13.4423,16220.854166699999,0.0
66.79483,13.442279999999998,16220.86875,0.0
66.79485,13.44234,16220.8833333,0.0
66.79488,13.4423,16220.8979167,0.0
66.79486,13.44231,16220.9125,0.0
66.79488,13.44236,16220.927083300001,0.0
66.79486999999999,13.44231,16220.941666699999,0.0
66.79484000000001,13.44234,16220.95625,0.0
66.79485,13.44232,16220.9708333,0.0
66.79486,13.4423,16220.9854167,0.0
66.79484000000001,13.44232,16221.0,0.0
66.79483,13.44231,16221.0145833,0.0
66.79484000000001,13.44229,16221.0291667,0.0
66.79484000000001,13.442260000000001,16221.04375,0.0
66.79483,13.44224,16221.058333300001,0.0
66.79483,13.4423,16221.072916699999,0.0
66.79483,13.4423,16221.0875,0.0
66.79484000000001,13.442279999999998,16221.1020833,0.0
66.79484000000001,13.44227,16221.1166667,0.0
66.79485,13.44227,16221.13125,0.0
66.79485,13.44232,16221.145833300001,0.0
66.79486999999999,13.44237,16221.160416699999,0.0
66.79488,13.4424,16221.175,0.0
66.79485,13.442329999999998,16221.1895833,0.0
66.79485,13.44237,16221.20625,0.0
66.79485,13.44234,16221.2208333,0.0
66.79486999999999,13.44232,16221.2354167,0.0
66.79485,13.44234,16221.25,0.0
66.79485,13.44236,16221.2645833,0.0
66.79486999999999,13.442329999999998,16221.2791667,0.0
66.79485,13.44234,16221.29375,0.0
66.79485,13.442329999999998,16221.308333300001,0.0
66.79485,13.44236,16221.322916699999,0.0
66.79481,13.44235,16221.339583300001,0.0
66.79483,13.44232,16221.354166699999,0.0
66.79483,13.44232,16221.36875,0.0
66.79484000000001,13.4423,16221.3833333,0.0
66.7949,13.44229,16221.3979167,0.0
66.79485,13.44235,16221.4125,0.0
66.79486,13.44232,16221.4291667,0.0
66.79485,13.44231,16221.44375,0.0
66.79484000000001,13.4423,16221.458333300001,0.0
66.79485,13.442329999999998,16221.472916699999,0.0
66.79484000000001,13.442329999999998,16221.4875,0.0
66.79484000000001,13.4423,16221.5020833,0.0
66.79483,13.44231,16221.5166667,0.0
66.79486,13.44232,16221.53125,0.0
66.79488,13.4423,16221.5458333,0.0
66.79483,13.44234,16221.5604167,0.0
66.79483,13.4423,16221.575,0.0
66.79484000000001,13.44234,16221.589583300001,0.0
66.79484000000001,13.44236,16221.604166699999,0.0
66.79483,13.442379999999998,16221.61875,0.0
66.79485,13.442329999999998,16221.6333333,0.0
66.79484000000001,13.442279999999998,16221.6479167,0.0
66.79483,13.44222,16221.6625,0.0
66.79484000000001,13.442260000000001,16221.677083300001,0.0
66.79484000000001,13.44224,16221.691666699999,0.0
66.79485,13.442229999999999,16221.70625,0.0
66.79485,13.44224,16221.7208333,0.0
66.79485,13.442260000000001,16221.7354167,0.0
66.79486999999999,13.442279999999998,16221.75,0.0
66.79484000000001,13.44229,16221.7645833,0.0
66.79485,13.44232,16221.7791667,0.0
66.79485,13.442260000000001,16221.79375,0.0
66.79482,13.44227,16221.808333300001,0.0
66.79482,13.44224,16221.822916699999,0.0
66.79482,13.442279999999998,16221.8375,0.0
66.79482,13.44232,16221.8520833,0.0
66.79483,13.442329999999998,16221.8666667,0.0
66.79483,13.44237,16221.88125,0.0
66.79488,13.442329999999998,16221.895833300001,0.0
66.79486999999999,13.442329999999998,16221.910416699999,0.0
66.79486999999999,13.44235,16221.925,0.0
66.79485,13.44235,16221.9395833,0.0
66.79483,13.44237,16221.9541667,0.0
66.79483,13.44236,16221.96875,0.0
66.79483,13.44234,16221.9833333,0.0
66.79483,13.44239,16221.9979167,0.0
