lat,long,time,speed
22.16018,113.8596,16191.770833300001,55.6
22.56355,113.7231,16191.8305556,6.8
22.55923,113.7408,16191.838194400001,5.8
22.53775,113.785,16191.8597222,4.8
22.57561,113.7052,16192.739583300001,6.4
22.577720000000003,113.7115,16192.7423611,6.5
22.57922,113.7174,16192.744444400001,6.9
22.58064,113.7233,16192.7465278,6.6
22.58511,113.7357,16192.7506944,5.9
22.587310000000002,113.7416,16192.7534722,6.2
22.58929,113.7468,16192.755555599999,6.0
22.59113,113.7539,16192.7583333,6.0
22.59863,113.7582,16192.7645833,5.0
22.60633,113.75399999999999,16192.7694444,6.0
22.60865,113.7498,16192.7743056,2.5
22.60118,113.7557,16192.7777778,4.8
22.59832,113.76,16192.7805556,3.2
22.59423,113.7626,16192.7826389,6.9
22.57471,113.7761,16192.791666699999,6.6
22.56472,113.7855,16192.7972222,5.8
22.56297,113.7867,16192.8236111,0.0
22.56298,113.7868,16192.8388889,0.0
22.56296,113.7868,16192.8548611,0.0
22.56295,113.7868,16192.8701389,0.0
22.56294,113.7868,16192.8993056,0.0
22.60526,113.645,16195.384027799999,0.0
22.55113,113.7316,16196.9493056,6.5
22.546229999999998,113.73700000000001,16196.951388899999,6.4
22.54204,113.7405,16196.9534722,6.3
22.53373,113.7563,16196.959722200001,5.6
22.52665,113.7638,16196.9652778,6.5
22.52401,113.7655,16196.9680556,6.4
22.53238,113.764,16196.9722222,5.0
22.51673,113.7698,16197.0201389,0.0
22.518279999999997,113.77,16197.0375,1.7
22.51952,113.7695,16197.0395833,1.3
22.52565,113.76799999999999,16197.0527778,2.2
22.531,113.7639,16197.0902778,1.6
22.52669,113.7628,16197.0965278,3.6
22.5274,113.7638,16197.1048611,1.7
22.53303,113.7613,16197.1131944,1.6
22.58916,113.6774,16197.1659722,6.1
22.59286,113.6736,16197.1680556,6.1
22.59815,113.6678,16197.1715278,6.1
22.6184,113.6525,16203.9291667,5.5
22.64115,113.6471,16203.9395833,5.7
22.66786,113.6319,16203.9534722,5.5
22.72755,113.5781,16203.986111100001,5.7
