lat,long,time,speed
35.138940000000005,119.667,16202.3819444,8.1
35.179120000000005,119.7504,16202.4076389,8.1
35.21917,119.8801,16202.45625,2.2
35.221090000000004,119.9183,16202.568055599999,2.4
35.26885,119.9663,16202.816666699999,2.8
35.23822,119.9142,16202.9472222,0.0
35.23964,119.9453,16203.489583300001,2.7
35.240109999999994,119.9328,16203.55625,2.2
35.28318,119.94,16203.7979167,5.6
35.27175,119.9174,16203.839583300001,2.8
35.259859999999996,119.8971,16203.8555556,2.4
35.226859999999995,119.8815,16203.897222200001,2.2
35.205740000000006,119.8833,16203.9361111,7.6
35.18842,119.8895,16203.941666699999,7.4
35.178670000000004,119.8936,16203.9451389,6.4
35.14302,119.9106,16204.1493056,0.0
35.14271,119.9096,16204.2423611,0.0
35.250370000000004,119.8895,16204.4055556,6.5
35.26341,119.8984,16205.1055556,4.1
35.27438,119.8997,16205.4083333,6.2
35.23616,119.9924,16205.691666699999,2.1
35.214240000000004,119.8493,16205.9256944,8.8
35.16173,119.7819,16205.947916699999,9.1
35.15736,119.7,16207.1576389,8.5
35.16329,119.7144,16207.161805599999,8.2
35.17727,119.7448,16207.173611100001,8.2
35.22279,119.8683,16207.20625,8.5
35.233779999999996,119.8879,16207.2118056,7.3
35.283159999999995,119.9601,16207.2368056,8.6
35.2865,119.9611,16207.3006944,0.0
35.2865,119.9611,16207.3006944,0.0
35.29785,119.9658,16207.4013889,6.3
35.29785,119.9658,16207.4013889,6.3
35.29599,119.9538,16207.4125,2.6
35.29599,119.9538,16207.4125,2.6
35.28559,119.93700000000001,16207.4298611,2.8
35.28559,119.93700000000001,16207.4298611,2.8
35.262,119.9036,16207.4659722,2.2
35.262,119.9036,16207.4659722,2.2
35.256479999999996,119.9001,16207.4722222,2.2
35.25107,119.8977,16207.4784722,2.7
35.23207,119.8945,16207.5020833,1.4
35.2354,119.8901,16207.5159722,6.9
35.24116,119.8831,16207.5388889,3.0
35.2388,119.9714,16207.6430556,6.2
35.27578,120.0002,16207.7194444,2.9
35.28526,119.919,16207.8784722,2.5
35.29313,119.955,16207.9541667,0.0
35.30767,119.9636,16208.4180556,2.7
35.24382,119.9296,16208.6645833,2.7
35.265879999999996,120.0127,16208.7895833,7.0
35.28396,120.0161,16208.8194444,2.1
35.28585,120.0152,16208.821527799999,2.7
35.31074,119.9657,16208.895833300001,0.0
35.29293,119.9266,16208.9361111,2.2
35.28832,119.9183,16208.94375,2.5
35.272090000000006,119.8928,16208.96875,2.7
35.27431,119.8964,16208.99375,6.1
35.32069,119.9085,16209.475,2.6
35.31813,119.9019,16209.4819444,2.1
35.32445,119.9451,16210.0152778,4.3
35.34313,119.9614,16210.4618056,2.4
35.31907,119.9383,16210.5333333,1.9
35.31175,119.917,16210.7486111,6.4
35.30881,119.9127,16210.7520833,2.4
35.33175,119.9894,16211.4,0.0
35.32255,119.9029,16211.5076389,2.1
35.327040000000004,119.9086,16211.5291667,6.1
35.31816,119.9072,16211.5777778,2.4
35.268209999999996,119.9677,16211.7694444,2.6
35.269,119.9698,16211.7715278,1.5
35.26072,119.9446,16211.8027778,6.9
35.246629999999996,119.9389,16211.8138889,2.8
35.30908,120.0095,16212.1972222,0.0
35.30943,120.0095,16212.2305556,0.0
35.309740000000005,120.0097,16212.255555599999,0.0
35.30984,120.0101,16212.285416699999,0.0
35.30997,120.0106,16212.3270833,0.0
35.310159999999996,120.0108,16212.364583300001,0.0
35.3147,120.0142,16212.4013889,1.5
35.320009999999996,120.0142,16212.4048611,3.0
35.34053,120.0122,16212.4263889,2.0
35.35615,120.007,16212.44375,1.7
35.3714,119.9889,16212.4694444,2.4
35.378820000000005,119.9664,16212.49375,2.3
35.38042,119.961,16212.4993056,1.7
35.377109999999995,119.9628,16212.520833300001,8.1
35.36438,119.977,16212.5263889,7.1
35.34415,119.9963,16212.5361111,4.8
35.34185,119.9893,16212.5430556,2.3
35.34113,119.9862,16212.5465278,2.7
35.34042,119.9823,16212.55,2.4
35.338809999999995,119.97399999999999,16212.556944400001,2.4
35.33437,119.9565,16212.5722222,2.8
35.32884,119.9362,16212.5909722,2.4
35.32423,119.9204,16212.6055556,2.1
35.320409999999995,119.9124,16212.6131944,2.6
35.31609,119.9045,16212.6222222,2.4
35.34329,119.9108,16212.6756944,2.3
35.29098,119.9282,16212.7833333,6.7
35.279379999999996,119.9115,16212.7895833,6.8
35.26501,119.8907,16212.7972222,6.7
35.23113,119.8328,16212.8201389,6.3
35.22764,119.82799999999999,16212.822916699999,6.5
35.217,119.8068,16212.8305556,7.2
35.21138,119.7963,16212.8354167,6.7
35.18887,119.7605,16212.849305599999,6.6
35.18262,119.7568,16212.8520833,6.7
35.16713,119.7376,16212.8604167,6.4
35.15765,119.7305,16212.864583300001,6.9
35.14835,119.7167,16212.8701389,6.6
35.14223,119.7086,16212.8743056,6.4
35.13329,119.6947,16212.879166699999,6.4
35.13091,119.6887,16212.88125,7.0
35.12578,119.6765,16212.885416699999,6.7
35.111740000000005,119.6424,16212.897222200001,6.5
35.1099,119.6311,16212.900694400001,7.0
35.10895,119.6241,16212.9027778,7.1
35.1071,119.6103,16212.9069444,6.9
35.10158,119.551,16212.925,7.0
35.09884,119.5245,16212.9326389,7.1
35.098209999999995,119.5197,16212.9347222,7.4
35.094840000000005,119.4691,16212.9486111,7.2
35.094559999999994,119.4571,16212.9527778,7.1
35.090090000000004,119.4022,16212.9680556,7.3
35.09406,119.395,16212.9701389,6.5
35.09567,119.3938,16212.972916699999,6.6
35.1078,119.375,16213.0069444,0.0
35.10781,119.375,16213.0277778,0.0
35.1097,119.3736,16213.102777799999,0.0
35.10971,119.3736,16213.1236111,0.0
35.10399,119.3853,16214.3013889,7.1
35.089529999999996,119.4008,16214.3090278,7.3
35.089079999999996,119.4086,16214.3118056,4.1
35.09375,119.4381,16214.3222222,4.5
35.09155,119.4371,16214.3277778,4.3
35.09342,119.3968,16214.339583300001,7.8
35.10183,119.39,16214.3430556,6.9
35.10609,119.3788,16214.3472222,7.8
35.25936,119.8358,16215.3590278,7.3
35.26315,119.8425,16215.361111100001,7.4
35.299859999999995,119.8914,16215.384027799999,2.2
35.305859999999996,119.9097,16215.4027778,3.1
35.31047,119.921,16215.4125,2.9
35.31369,119.9289,16215.420138899999,2.5
35.3177,119.9373,16215.4277778,2.7
35.32694,119.95100000000001,16215.443055599999,2.4
35.32694,119.95100000000001,16215.4444444,2.4
35.33384,119.9632,16215.4555556,2.6
35.33047,119.9526,16215.4805556,6.4
35.332370000000004,119.9576,16215.4930556,2.8
35.35485,120.0042,16215.5375,2.6
35.35715,120.01,16215.5430556,2.8
35.34036,120.0068,16215.6375,2.1
35.34036,120.0068,16215.638888899999,2.1
35.34513,119.9426,16215.736111100001,2.3
35.338809999999995,119.9346,16215.744444400001,1.8
35.33422,119.9293,16215.7506944,2.8
35.33128,119.9257,16215.7548611,2.7
35.32734,119.9221,16215.7597222,2.5
35.32152,119.9173,16215.767361100001,2.3
35.314370000000004,119.9105,16215.7763889,2.8
35.30206,119.8988,16215.7923611,2.5
35.305040000000005,119.8931,16215.8270833,6.9
35.316,119.8962,16215.83125,6.6
35.330740000000006,119.8983,16215.8368056,7.0
35.34197,119.8988,16215.8409722,7.4
35.33952,119.9299,16215.895833300001,2.2
35.31921,119.9416,16215.9638889,7.1
35.31107,119.9277,16215.96875,7.2
35.2947,119.90700000000001,16215.977777799999,7.1
35.28947,119.9019,16215.9798611,3.2
35.29534,119.8997,16215.990972200001,7.3
35.303709999999995,119.8994,16216.0006944,0.0
35.30373,119.8994,16216.017361100001,0.0
35.30389,119.8993,16216.1173611,0.0
35.30377,119.8985,16216.2305556,0.0
35.30312,119.8983,16216.326388899999,0.0
35.31689,119.9011,16217.0611111,0.0
35.31693,119.9011,16217.0819444,0.0
35.31685,119.9015,16217.3701389,0.0
35.31697,119.9014,16217.3951389,0.0
35.31759,119.8956,16217.420138899999,1.9
35.32007,119.9342,16217.4527778,2.9
35.3034,119.8833,16217.8673611,2.5
35.29398,119.8777,16217.8784722,2.6
35.28969,119.8712,16217.9125,0.0
35.35284,120.0039,16218.6840278,6.9
35.32535,120.0048,16218.6944444,2.6
35.36234,119.9445,16218.7680556,2.4
35.3592,119.9374,16218.7743056,2.0
35.34485,119.9299,16218.8701389,2.3
35.32285,119.8784,16218.9673611,4.0
35.33543,119.8833,16219.0048611,0.0
35.33555,119.8835,16219.0340278,0.0
35.33563,119.8837,16219.0590278,0.0
35.33575,119.8841,16219.142361100001,0.0
35.33592,119.8836,16219.2680556,0.0
35.33607,119.9101,16219.5631944,2.9
35.34057,119.9203,16219.572916699999,1.8
35.342420000000004,119.9241,16219.576388899999,2.5
35.35317,119.9441,16219.5951389,3.2
35.3623,119.962,16219.7965278,2.3
35.36399,119.9434,16219.8118056,2.4
35.36347,119.9373,16219.8277778,3.2
35.34655,119.932,16219.8909722,2.9
35.34203,119.9262,16219.8965278,2.8
35.335809999999995,119.9185,16219.9048611,2.5
35.328520000000005,119.9103,16219.9145833,2.5
35.31395,119.8979,16219.9326389,2.4
35.31192,119.8964,16219.9354167,2.6
35.306470000000004,119.8916,16219.954861100001,1.2
35.29927,119.8832,16219.963194400001,9.3
35.28929,119.8666,16219.96875,8.7
35.26632,119.8301,16219.9798611,8.1
35.25857,119.8196,16219.982638899999,8.0
35.25127,119.8054,16219.9868056,7.8
35.24715,119.7956,16219.9902778,8.2
35.23574,119.7607,16219.9993056,8.3
35.223290000000006,119.738,16220.00625,8.7
35.21753,119.7297,16220.0097222,8.4
35.19758,119.7036,16220.01875,8.2
35.178329999999995,119.6812,16220.027083300001,8.0
35.16968,119.6699,16220.03125,7.8
35.12829,119.6283,16220.048611100001,7.4
35.1064,119.56200000000001,16220.06875,7.3
35.09966,119.527,16220.0791667,7.2
35.09913,119.5223,16220.08125,7.5
35.09792,119.5082,16220.0854167,7.5
35.0977,119.4891,16220.0909722,7.1
35.09278,119.4431,16220.1048611,6.8
35.10035,119.391,16220.1215278,7.4
