lat,long,time,speed
23.16364,116.78399999999999,16198.071527799999,8.9
23.15055,116.7883,16198.0756944,9.4
23.1966,116.7889,16198.602777799999,7.8
23.20254,116.78200000000001,16198.60625,7.8
23.21256,116.7727,16198.611111100001,7.6
23.21818,116.77,16200.7576389,7.8
23.08336,116.8647,16201.2298611,7.2
23.09542,116.85600000000001,16201.236111100001,7.6
23.13032,116.8309,16201.2479167,6.9
23.14,116.8246,16201.2520833,7.6
23.14624,116.8205,16201.255555599999,7.2
23.1629,116.8081,16201.2618056,8.1
23.16796,116.8041,16201.2645833,7.4
23.17357,116.8015,16201.2666667,7.6
23.18553,116.7931,16201.2694444,7.6
23.18937,116.7893,16201.2715278,7.2
23.19685,116.78299999999999,16201.275,8.1
23.21228,116.7721,16201.2826389,7.1
23.22739,116.7762,16201.2888889,5.1
23.22198,116.7721,16202.7666667,8.1
23.21796,116.77,16202.7729167,8.1
23.089560000000002,116.8082,16202.818055599999,7.1
23.0537,116.8183,16202.8256944,7.2
23.07607,116.8127,16203.2256944,7.4
23.0901,116.8094,16203.229166699999,7.8
23.17229,116.7883,16203.2583333,7.6
23.186239999999998,116.7829,16203.2625,7.8
23.19991,116.7754,16203.26875,8.3
23.22681,116.7752,16203.849305599999,4.7
23.215,116.7702,16206.7993056,6.5
23.09225,116.8226,16207.4409722,8.0
23.09225,116.8226,16207.4409722,8.0
23.13065,116.8077,16207.4555556,5.8
23.13065,116.8077,16207.4555556,5.8
23.139570000000003,116.8049,16207.458333300001,5.3
23.139570000000003,116.8049,16207.458333300001,5.3
23.14036,116.8046,16207.4604167,6.7
23.14036,116.8046,16207.4604167,6.7
23.14281,116.8038,16207.4625,6.7
23.14281,116.8038,16207.4625,6.7
23.171020000000002,116.7916,16207.4722222,6.7
23.171020000000002,116.7916,16207.4722222,6.7
23.1774,116.7903,16207.474305599999,5.1
23.18265,116.79,16207.4770833,6.0
23.20348,116.7787,16207.486111100001,6.3
23.21041,116.7741,16207.4888889,6.7
23.2107,116.7711,16207.838194400001,5.4
23.20359,116.7753,16207.8423611,6.0
23.19057,116.7926,16207.849305599999,7.6
23.18629,116.7988,16207.852777799999,7.2
23.17503,116.8123,16207.857638899999,7.5
23.153679999999998,116.8385,16207.86875,7.6
23.14661,116.8474,16207.8715278,7.3
23.09985,116.9174,16209.441666699999,6.9
23.12787,116.8763,16209.4590278,7.2
23.13373,116.8681,16209.4625,6.7
23.1445,116.8537,16209.46875,6.9
23.165020000000002,116.8233,16209.48125,6.7
23.178379999999997,116.8047,16209.4888889,7.1
23.18394,116.7961,16209.4930556,2.9
23.089760000000002,116.9248,16210.477777799999,6.9
23.10695,116.9024,16210.4875,6.7
23.13711,116.8638,16210.504166699999,6.8
23.14486,116.854,16210.5083333,7.4
23.14986,116.8475,16210.5111111,6.6
23.1594,116.8343,16210.5159722,7.1
23.1316,116.8014,16211.504166699999,7.8
23.16274,116.7868,16211.5152778,6.7
23.16827,116.7842,16211.5180556,7.2
23.1848,116.7766,16211.5243056,6.5
23.18822,116.7748,16211.5263889,7.4
23.198179999999997,116.7699,16211.5291667,7.1
23.19611,116.7922,16217.7944444,6.8
23.1735,116.8221,16217.806944400001,7.3
23.18981,116.7914,16220.89375,6.1
23.183239999999998,116.8023,16220.8986111,6.6
