lat,long,time,speed
38.61623,120.9166,16192.55625,86.8
24.74575,118.7685,16197.3208333,0.0
24.74575,118.7685,16197.3416667,0.0
24.74436,118.7677,16197.3486111,4.4
24.73958,118.7698,16197.3513889,6.3
24.73903,118.7749,16197.3534722,7.1
24.73621,118.7823,16197.35625,6.7
24.73615,118.7901,16197.3583333,6.7
24.73626,118.7999,16197.361111100001,6.4
24.736,118.8059,16197.3638889,6.5
24.73519,118.8118,16197.365972200001,6.5
24.734820000000003,118.8127,16197.3673611,6.7
24.735129999999998,118.8194,16197.369444400001,6.5
24.73488,118.8302,16197.3729167,6.3
24.73369,118.8467,16197.3784722,6.3
24.73365,118.8584,16197.3826389,6.3
24.73337,118.8633,16197.3847222,6.5
24.734820000000003,118.884,16197.3916667,6.7
24.735570000000003,118.8979,16197.3965278,6.3
24.736710000000002,118.9154,16197.4034722,6.7
24.73613,118.9287,16197.4076389,6.5
24.73716,119.0053,16197.433333300001,6.5
24.8047,119.0435,16200.693055599999,7.9
24.73919,118.7924,16200.7791667,7.0
24.72382,118.9235,16209.510416699999,6.6
24.72356,118.9011,16209.5180556,6.6
24.729110000000002,118.8288,16209.541666699999,7.1
24.73078,118.8205,16209.5444444,7.0
24.732770000000002,118.8088,16209.548611100001,7.7
24.73539,118.7927,16209.553472200001,7.4
24.73749,118.7846,16209.55625,7.2
24.73881,118.7742,16209.5604167,6.9
24.739910000000002,118.7673,16209.5625,5.1
24.74251,118.7683,16209.5673611,0.0
24.74235,118.7665,16213.5159722,5.4
24.73865,118.76899999999999,16213.5180556,5.9
24.73927,118.7675,16213.5194444,5.1
24.72994,118.7793,16213.5229167,7.0
24.717779999999998,118.7934,16213.5298611,6.8
24.71153,118.7983,16213.5326389,7.2
24.78153,118.9006,16217.625,7.7
24.77741,118.8925,16217.6277778,7.7
24.77176,118.8752,16217.6333333,7.6
24.759220000000003,118.8385,16217.6451389,7.6
24.752660000000002,118.8189,16217.6513889,7.8
24.74987,118.8137,16217.6527778,7.9
24.744989999999998,118.8069,16217.6555556,8.0
24.741139999999998,118.7993,16217.6576389,8.5
24.739179999999998,118.7921,16217.6597222,8.4
24.73735,118.7834,16217.6625,8.3
24.738039999999998,118.7749,16217.6645833,8.4
24.74093,118.7664,16217.6680556,6.8
24.73571,118.7786,16219.329861100001,7.3
24.69707,118.86200000000001,16219.3597222,7.3
24.612560000000002,119.0173,16219.416666699999,6.9
24.60134,119.0443,16219.4256944,6.8
24.661179999999998,118.9428,16221.740972200001,8.0
24.666339999999998,118.9257,16221.745833300001,8.0
24.67445,118.9162,16221.7506944,8.3
24.67596,118.9061,16221.7527778,8.1
24.679660000000002,118.8976,16221.755555599999,8.0
24.681929999999998,118.8921,16221.7576389,7.6
24.68499,118.8832,16221.760416699999,7.6
24.68724,118.8779,16221.7631944,8.5
24.69076,118.8654,16221.7659722,7.4
24.69388,118.8565,16221.76875,7.6
24.6959,118.85,16221.770833300001,8.1
24.69914,118.8414,16221.7729167,8.3
24.700570000000003,118.8333,16221.775694400001,8.0
24.704320000000003,118.8239,16221.7784722,7.6
24.70635,118.8186,16221.78125,7.6
24.71175,118.8075,16221.7840278,8.1
24.714979999999997,118.8005,16221.7861111,8.0
24.71795,118.7945,16221.7881944,7.7
24.721510000000002,118.7874,16221.7909722,7.5
24.72523,118.7821,16221.7923611,6.8
24.72893,118.7778,16221.7944444,7.4
24.73254,118.7723,16221.7965278,7.5
24.73696,118.7677,16221.798611100001,7.3
24.73878,118.7667,16221.8006944,7.1
24.74429,118.7678,16221.8125,0.0
