lat,long,time,speed
30.7105,122.3922,16197.0131944,10.3
30.73305,122.4055,16197.01875,11.2
30.7428,122.4122,16197.020833300001,11.7
